2681
0 0 1262 793 1388 1389 795
1 1262 0 17 1388 80 1390
2 17 1263 1262 1391 1392 1390
3 1263 17 18 1391 81 1393
4 18 1264 1263 1394 1395 1393
5 1264 18 19 1394 82 1396
6 19 1265 1264 1397 1398 1396
7 1265 19 20 1397 83 1399
8 20 1266 1265 1400 1401 1399
9 1266 20 21 1400 84 1402
10 21 1267 1266 1403 1404 1402
11 1267 21 22 1403 85 1405
12 22 1268 1267 1406 1407 1405
13 1268 22 23 1406 86 1408
14 23 1269 1268 1409 1410 1408
15 1269 23 24 1409 87 1411
16 24 1270 1269 1412 1413 1411
17 1270 24 25 1412 88 1414
18 25 1271 1270 1415 1416 1414
19 1271 25 26 1415 89 1417
20 26 1272 1271 1418 1419 1417
21 1272 26 27 1418 90 1420
22 27 1273 1272 1421 1422 1420
23 1273 27 28 1421 91 1423
24 28 1274 1273 1424 1425 1423
25 1274 28 29 1424 92 1426
26 29 1275 1274 1427 1428 1426
27 1275 29 30 1427 93 1429
28 30 1276 1275 1430 1431 1429
29 1276 30 31 1430 94 1432
30 31 1277 1276 1433 1434 1432
31 1277 31 32 1433 95 1435
32 32 1278 1277 1436 1437 1435
33 1278 32 33 1436 96 1438
34 33 1279 1278 1439 1440 1438
35 1279 33 34 1439 97 1441
36 34 1280 1279 1442 1443 1441
37 1280 34 35 1442 98 1444
38 35 1281 1280 1445 1446 1444
39 1281 35 36 1445 99 1447
40 36 1282 1281 1448 1449 1447
41 1282 36 37 1448 100 1450
42 37 1283 1282 1451 1452 1450
43 1283 37 38 1451 101 1453
44 38 1284 1283 1454 1455 1453
45 1284 38 39 1454 102 1456
46 39 1285 1284 1457 1458 1456
47 1285 39 40 1457 103 1459
48 40 1286 1285 1460 1461 1459
49 1286 40 41 1460 104 1462
50 41 1287 1286 1463 1464 1462
51 1287 41 42 1463 105 1465
52 42 1288 1287 1466 1467 1465
53 1288 42 43 1466 106 1468
54 43 1289 1288 1469 1470 1468
55 1289 43 44 1469 107 1471
56 44 1290 1289 1472 1473 1471
57 1290 44 45 1472 108 1474
58 45 1291 1290 1475 1476 1474
59 1291 45 46 1475 109 1477
60 46 1292 1291 1478 1479 1477
61 1292 46 47 1478 110 1480
62 47 1293 1292 1481 1482 1480
63 1293 47 48 1481 111 1483
64 48 1294 1293 1484 1485 1483
65 1294 48 49 1484 112 1486
66 49 1295 1294 1487 1488 1486
67 1295 49 50 1487 113 1489
68 50 1296 1295 1490 1491 1489
69 1296 50 51 1490 114 1492
70 51 1297 1296 1493 1494 1492
71 1297 51 52 1493 115 1495
72 52 1298 1297 1496 1497 1495
73 1298 52 53 1496 116 1498
74 53 1299 1298 1499 1500 1498
75 1299 53 54 1499 117 1501
76 54 1300 1299 1502 1503 1501
77 1300 54 55 1502 118 1504
78 55 1301 1300 1505 1506 1504
79 1301 55 56 1505 119 1507
80 56 1302 1301 1508 1509 1507
81 1302 56 57 1508 120 1510
82 57 1303 1302 1511 1512 1510
83 1303 57 58 1511 121 1513
84 58 1304 1303 1514 1515 1513
85 1304 58 59 1514 122 1516
86 59 1305 1304 1517 1518 1516
87 1305 59 60 1517 123 1519
88 60 1306 1305 1520 1521 1519
89 1306 60 61 1520 124 1522
90 61 1307 1306 1523 1524 1522
91 1307 61 62 1523 125 1525
92 62 1308 1307 1526 1527 1525
128 793 1325 794 1579 1580 796
129 1325 793 1262 1579 1389 1581
130 1262 1326 1325 1582 1583 1581
131 1326 1262 1263 1582 1392 1584
132 1263 1327 1326 1585 1586 1584
133 1327 1263 1264 1585 1395 1587
134 1264 1328 1327 1588 1589 1587
135 1328 1264 1265 1588 1398 1590
136 1265 1329 1328 1591 1592 1590
137 1329 1265 1266 1591 1401 1593
138 1266 1330 1329 1594 1595 1593
139 1330 1266 1267 1594 1404 1596
140 1267 1331 1330 1597 1598 1596
141 1331 1267 1268 1597 1407 1599
142 1268 1332 1331 1600 1601 1599
143 1332 1268 1269 1600 1410 1602
144 1269 1333 1332 1603 1604 1602
145 1333 1269 1270 1603 1413 1605
146 1270 1334 1333 1606 1607 1605
147 1334 1270 1271 1606 1416 1608
148 1271 1335 1334 1609 1610 1608
149 1335 1271 1272 1609 1419 1611
150 1272 1336 1335 1612 1613 1611
151 1336 1272 1273 1612 1422 1614
152 1273 1337 1336 1615 1616 1614
153 1337 1273 1274 1615 1425 1617
154 1274 1338 1337 1618 1619 1617
155 1338 1274 1275 1618 1428 1620
156 1275 1339 1338 1621 1622 1620
157 1339 1275 1276 1621 1431 1623
158 1276 1340 1339 1624 1625 1623
159 1340 1276 1277 1624 1434 1626
160 1277 1341 1340 1627 1628 1626
161 1341 1277 1278 1627 1437 1629
162 1278 1342 1341 1630 1631 1629
163 1342 1278 1279 1630 1440 1632
164 1279 1343 1342 1633 1634 1632
165 1343 1279 1280 1633 1443 1635
166 1280 1344 1343 1636 1637 1635
167 1344 1280 1281 1636 1446 1638
168 1281 1345 1344 1639 1640 1638
169 1345 1281 1282 1639 1449 1641
170 1282 1346 1345 1642 1643 1641
171 1346 1282 1283 1642 1452 1644
172 1283 1347 1346 1645 1646 1644
173 1347 1283 1284 1645 1455 1647
174 1284 1348 1347 1648 1649 1647
175 1348 1284 1285 1648 1458 1650
176 1285 1349 1348 1651 1652 1650
177 1349 1285 1286 1651 1461 1653
178 1286 1350 1349 1654 1655 1653
179 1350 1286 1287 1654 1464 1656
180 1287 1351 1350 1657 1658 1656
181 1351 1287 1288 1657 1467 1659
182 1288 1352 1351 1660 1661 1659
183 1352 1288 1289 1660 1470 1662
184 1289 1353 1352 1663 1664 1662
185 1353 1289 1290 1663 1473 1665
186 1290 1354 1353 1666 1667 1665
187 1354 1290 1291 1666 1476 1668
188 1291 1355 1354 1669 1670 1668
189 1355 1291 1292 1669 1479 1671
190 1292 1356 1355 1672 1673 1671
191 1356 1292 1293 1672 1482 1674
192 1293 1357 1356 1675 1676 1674
193 1357 1293 1294 1675 1485 1677
194 1294 1358 1357 1678 1679 1677
195 1358 1294 1295 1678 1488 1680
196 1295 1359 1358 1681 1682 1680
197 1359 1295 1296 1681 1491 1683
198 1296 1360 1359 1684 1685 1683
199 1360 1296 1297 1684 1494 1686
200 1297 1361 1360 1687 1688 1686
201 1361 1297 1298 1687 1497 1689
202 1298 1362 1361 1690 1691 1689
203 1362 1298 1299 1690 1500 1692
204 1299 1363 1362 1693 1694 1692
205 1363 1299 1300 1693 1503 1695
206 1300 1364 1363 1696 1697 1695
207 1364 1300 1301 1696 1506 1698
208 1301 1365 1364 1699 1700 1698
209 1365 1301 1302 1699 1509 1701
210 1302 1366 1365 1702 1703 1701
211 1366 1302 1303 1702 1512 1704
212 1303 1367 1366 1705 1706 1704
213 1367 1303 1304 1705 1515 1707
214 1304 1368 1367 1708 1709 1707
215 1368 1304 1305 1708 1518 1710
216 1305 1369 1368 1711 1712 1710
217 1369 1305 1306 1711 1521 1713
218 1306 1370 1369 1714 1715 1713
219 1370 1306 1307 1714 1524 1716
220 1307 1371 1370 1717 1718 1716
221 1371 1307 1308 1717 1527 1719
256 794 405 4 1770 468 797
257 405 794 1325 1770 1580 1771
258 1325 406 405 1772 469 1771
259 406 1325 1326 1772 1583 1773
260 1326 407 406 1774 470 1773
261 407 1326 1327 1774 1586 1775
262 1327 408 407 1776 471 1775
263 408 1327 1328 1776 1589 1777
264 1328 409 408 1778 472 1777
265 409 1328 1329 1778 1592 1779
266 1329 410 409 1780 473 1779
267 410 1329 1330 1780 1595 1781
268 1330 411 410 1782 474 1781
269 411 1330 1331 1782 1598 1783
270 1331 412 411 1784 475 1783
271 412 1331 1332 1784 1601 1785
272 1332 413 412 1786 476 1785
273 413 1332 1333 1786 1604 1787
274 1333 414 413 1788 477 1787
275 414 1333 1334 1788 1607 1789
276 1334 415 414 1790 478 1789
277 415 1334 1335 1790 1610 1791
278 1335 416 415 1792 479 1791
279 416 1335 1336 1792 1613 1793
280 1336 417 416 1794 480 1793
281 417 1336 1337 1794 1616 1795
282 1337 418 417 1796 481 1795
283 418 1337 1338 1796 1619 1797
284 1338 419 418 1798 482 1797
285 419 1338 1339 1798 1622 1799
286 1339 420 419 1800 483 1799
287 420 1339 1340 1800 1625 1801
288 1340 421 420 1802 484 1801
289 421 1340 1341 1802 1628 1803
290 1341 422 421 1804 485 1803
291 422 1341 1342 1804 1631 1805
292 1342 423 422 1806 486 1805
293 423 1342 1343 1806 1634 1807
294 1343 424 423 1808 487 1807
295 424 1343 1344 1808 1637 1809
296 1344 425 424 1810 488 1809
297 425 1344 1345 1810 1640 1811
298 1345 426 425 1812 489 1811
299 426 1345 1346 1812 1643 1813
300 1346 427 426 1814 490 1813
301 427 1346 1347 1814 1646 1815
302 1347 428 427 1816 491 1815
303 428 1347 1348 1816 1649 1817
304 1348 429 428 1818 492 1817
305 429 1348 1349 1818 1652 1819
306 1349 430 429 1820 493 1819
307 430 1349 1350 1820 1655 1821
308 1350 431 430 1822 494 1821
309 431 1350 1351 1822 1658 1823
310 1351 432 431 1824 495 1823
311 432 1351 1352 1824 1661 1825
312 1352 433 432 1826 496 1825
313 433 1352 1353 1826 1664 1827
314 1353 434 433 1828 497 1827
315 434 1353 1354 1828 1667 1829
316 1354 435 434 1830 498 1829
317 435 1354 1355 1830 1670 1831
318 1355 436 435 1832 499 1831
319 436 1355 1356 1832 1673 1833
320 1356 437 436 1834 500 1833
321 437 1356 1357 1834 1676 1835
322 1357 438 437 1836 501 1835
323 438 1357 1358 1836 1679 1837
324 1358 439 438 1838 502 1837
325 439 1358 1359 1838 1682 1839
326 1359 440 439 1840 503 1839
327 440 1359 1360 1840 1685 1841
328 1360 441 440 1842 504 1841
329 441 1360 1361 1842 1688 1843
330 1361 442 441 1844 505 1843
331 442 1361 1362 1844 1691 1845
332 1362 443 442 1846 506 1845
333 443 1362 1363 1846 1694 1847
334 1363 444 443 1848 507 1847
335 444 1363 1364 1848 1697 1849
336 1364 445 444 1850 508 1849
337 445 1364 1365 1850 1700 1851
338 1365 446 445 1852 509 1851
339 446 1365 1366 1852 1703 1853
340 1366 447 446 1854 510 1853
341 447 1366 1367 1854 1706 1855
342 1367 448 447 1856 511 1855
343 448 1367 1368 1856 1709 1857
344 1368 449 448 1858 512 1857
345 449 1368 1369 1858 1712 1859
346 1369 450 449 1860 513 1859
347 450 1369 1370 1860 1715 1861
348 1370 451 450 1862 514 1861
349 451 1370 1371 1862 1718 1863
350 1371 452 451 1864 515 1863
821 2581 291 292 2735 355 2737
822 292 2582 2581 2738 2739 2737
823 2582 292 293 2738 356 2740
824 293 2583 2582 2741 2742 2740
825 2583 293 294 2741 357 2743
826 294 2584 2583 2744 2745 2743
827 2584 294 295 2744 358 2746
828 295 2585 2584 2747 2748 2746
829 2585 295 296 2747 359 2749
830 296 2586 2585 2750 2751 2749
831 2586 296 297 2750 360 2752
832 297 2587 2586 2753 2754 2752
833 2587 297 298 2753 361 2755
834 298 2588 2587 2756 2757 2755
835 2588 298 299 2756 362 2758
836 299 2589 2588 2759 2760 2758
837 2589 299 300 2759 363 2761
838 300 2590 2589 2762 2763 2761
839 2590 300 301 2762 364 2764
840 301 2591 2590 2765 2766 2764
841 2591 301 302 2765 365 2767
842 302 2592 2591 2768 2769 2767
843 2592 302 303 2768 366 2770
844 303 2593 2592 2771 2772 2770
845 2593 303 304 2771 367 2773
846 304 2594 2593 2774 2775 2773
847 2594 304 305 2774 368 2776
848 305 2595 2594 2777 2778 2776
849 2595 305 306 2777 369 2779
850 306 2596 2595 2780 2781 2779
851 2596 306 307 2780 370 2782
852 307 2597 2596 2783 2784 2782
853 2597 307 308 2783 371 2785
854 308 2598 2597 2786 2787 2785
855 2598 308 309 2786 372 2788
856 309 2599 2598 2789 2790 2788
857 2599 309 310 2789 373 2791
858 310 2600 2599 2792 2793 2791
859 2600 310 311 2792 374 2794
860 311 2601 2600 2795 2796 2794
861 2601 311 312 2795 375 2797
862 312 2602 2601 2798 2799 2797
863 2602 312 313 2798 376 2800
864 313 2603 2602 2801 2802 2800
865 2603 313 314 2801 377 2803
866 314 2604 2603 2804 2805 2803
867 2604 314 315 2804 378 2806
868 315 2605 2604 2807 2808 2806
869 2605 315 316 2807 379 2809
870 316 2606 2605 2810 2811 2809
871 2606 316 317 2810 380 2812
872 317 2607 2606 2813 2814 2812
873 2607 317 318 2813 381 2815
874 318 2608 2607 2816 2817 2815
875 2608 318 319 2816 382 2818
876 319 2609 2608 2819 2820 2818
877 2609 319 320 2819 383 2821
878 320 2610 2609 2822 2823 2821
879 2610 320 321 2822 384 2824
880 321 2611 2610 2825 2826 2824
881 2611 321 322 2825 385 2827
882 322 2612 2611 2828 2829 2827
883 2612 322 323 2828 386 2830
884 323 2613 2612 2831 2832 2830
885 2613 323 324 2831 387 2833
886 324 2614 2613 2834 2835 2833
887 2614 324 325 2834 388 2836
888 325 2615 2614 2837 2838 2836
889 2615 325 326 2837 389 2839
890 326 2616 2615 2840 2841 2839
891 2616 326 327 2840 390 2842
892 327 2617 2616 2843 2844 2842
893 2617 327 328 2843 391 2845
894 328 2618 2617 2846 2847 2845
895 2618 328 329 2846 392 2848
896 329 2619 2618 2849 2850 2848
897 2619 329 330 2849 393 2851
898 330 2620 2619 2852 2853 2851
899 2620 330 331 2852 394 2854
900 331 2621 2620 2855 2856 2854
901 2621 331 332 2855 395 2857
902 332 2622 2621 2858 2859 2857
903 2622 332 333 2858 396 2860
904 333 2623 2622 2861 2862 2860
905 2623 333 334 2861 397 2863
906 334 2624 2623 2864 2865 2863
907 2624 334 335 2864 398 2866
908 335 2625 2624 2867 2868 2866
909 2625 335 336 2867 399 2869
910 336 2626 2625 2870 2871 2869
911 2626 336 337 2870 400 2872
912 337 2627 2626 2873 2874 2872
913 2627 337 338 2873 401 2875
914 338 2628 2627 2876 2877 2875
915 2628 338 339 2876 402 2878
916 339 2629 2628 2879 2880 2878
917 2629 339 340 2879 403 2881
918 340 813 2629 2882 2883 2881
919 813 340 0 2882 404 815
950 2581 2645 2644 2929 2930 2928
951 2645 2581 2582 2929 2739 2931
952 2582 2646 2645 2932 2933 2931
953 2646 2582 2583 2932 2742 2934
954 2583 2647 2646 2935 2936 2934
955 2647 2583 2584 2935 2745 2937
956 2584 2648 2647 2938 2939 2937
957 2648 2584 2585 2938 2748 2940
958 2585 2649 2648 2941 2942 2940
959 2649 2585 2586 2941 2751 2943
960 2586 2650 2649 2944 2945 2943
961 2650 2586 2587 2944 2754 2946
962 2587 2651 2650 2947 2948 2946
963 2651 2587 2588 2947 2757 2949
964 2588 2652 2651 2950 2951 2949
965 2652 2588 2589 2950 2760 2952
966 2589 2653 2652 2953 2954 2952
967 2653 2589 2590 2953 2763 2955
968 2590 2654 2653 2956 2957 2955
969 2654 2590 2591 2956 2766 2958
970 2591 2655 2654 2959 2960 2958
971 2655 2591 2592 2959 2769 2961
972 2592 2656 2655 2962 2963 2961
973 2656 2592 2593 2962 2772 2964
974 2593 2657 2656 2965 2966 2964
975 2657 2593 2594 2965 2775 2967
976 2594 2658 2657 2968 2969 2967
977 2658 2594 2595 2968 2778 2970
978 2595 2659 2658 2971 2972 2970
979 2659 2595 2596 2971 2781 2973
980 2596 2660 2659 2974 2975 2973
981 2660 2596 2597 2974 2784 2976
982 2597 2661 2660 2977 2978 2976
983 2661 2597 2598 2977 2787 2979
984 2598 2662 2661 2980 2981 2979
985 2662 2598 2599 2980 2790 2982
986 2599 2663 2662 2983 2984 2982
987 2663 2599 2600 2983 2793 2985
988 2600 2664 2663 2986 2987 2985
989 2664 2600 2601 2986 2796 2988
990 2601 2665 2664 2989 2990 2988
991 2665 2601 2602 2989 2799 2991
992 2602 2666 2665 2992 2993 2991
993 2666 2602 2603 2992 2802 2994
994 2603 2667 2666 2995 2996 2994
995 2667 2603 2604 2995 2805 2997
996 2604 2668 2667 2998 2999 2997
997 2668 2604 2605 2998 2808 3000
998 2605 2669 2668 3001 3002 3000
999 2669 2605 2606 3001 2811 3003
1000 2606 2670 2669 3004 3005 3003
1001 2670 2606 2607 3004 2814 3006
1002 2607 2671 2670 3007 3008 3006
1003 2671 2607 2608 3007 2817 3009
1004 2608 2672 2671 3010 3011 3009
1005 2672 2608 2609 3010 2820 3012
1006 2609 2673 2672 3013 3014 3012
1007 2673 2609 2610 3013 2823 3015
1008 2610 2674 2673 3016 3017 3015
1009 2674 2610 2611 3016 2826 3018
1010 2611 2675 2674 3019 3020 3018
1011 2675 2611 2612 3019 2829 3021
1012 2612 2676 2675 3022 3023 3021
1013 2676 2612 2613 3022 2832 3024
1014 2613 2677 2676 3025 3026 3024
1015 2677 2613 2614 3025 2835 3027
1016 2614 2678 2677 3028 3029 3027
1017 2678 2614 2615 3028 2838 3030
1018 2615 2679 2678 3031 3032 3030
1019 2679 2615 2616 3031 2841 3033
1020 2616 2680 2679 3034 3035 3033
1021 2680 2616 2617 3034 2844 3036
1022 2617 2681 2680 3037 3038 3036
1023 2681 2617 2618 3037 2847 3039
1024 2618 2682 2681 3040 3041 3039
1025 2682 2618 2619 3040 2850 3042
1026 2619 2683 2682 3043 3044 3042
1027 2683 2619 2620 3043 2853 3045
1028 2620 2684 2683 3046 3047 3045
1029 2684 2620 2621 3046 2856 3048
1030 2621 2685 2684 3049 3050 3048
1031 2685 2621 2622 3049 2859 3051
1032 2622 2686 2685 3052 3053 3051
1033 2686 2622 2623 3052 2862 3054
1034 2623 2687 2686 3055 3056 3054
1035 2687 2623 2624 3055 2865 3057
1036 2624 2688 2687 3058 3059 3057
1037 2688 2624 2625 3058 2868 3060
1038 2625 2689 2688 3061 3062 3060
1039 2689 2625 2626 3061 2871 3063
1040 2626 2690 2689 3064 3065 3063
1041 2690 2626 2627 3064 2874 3066
1042 2627 2691 2690 3067 3068 3066
1043 2691 2627 2628 3067 2877 3069
1044 2628 2692 2691 3070 3071 3069
1045 2692 2628 2629 3070 2880 3072
1046 2629 814 2692 3073 3074 3072
1047 814 2629 813 3073 2883 816
1079 681 2644 2645 3105 2930 3106
1080 2645 682 681 3107 745 3106
1081 682 2645 2646 3107 2933 3108
1082 2646 683 682 3109 746 3108
1083 683 2646 2647 3109 2936 3110
1084 2647 684 683 3111 747 3110
1085 684 2647 2648 3111 2939 3112
1086 2648 685 684 3113 748 3112
1087 685 2648 2649 3113 2942 3114
1088 2649 686 685 3115 749 3114
1089 686 2649 2650 3115 2945 3116
1090 2650 687 686 3117 750 3116
1091 687 2650 2651 3117 2948 3118
1092 2651 688 687 3119 751 3118
1093 688 2651 2652 3119 2951 3120
1094 2652 689 688 3121 752 3120
1095 689 2652 2653 3121 2954 3122
1096 2653 690 689 3123 753 3122
1097 690 2653 2654 3123 2957 3124
1098 2654 691 690 3125 754 3124
1099 691 2654 2655 3125 2960 3126
1100 2655 692 691 3127 755 3126
1101 692 2655 2656 3127 2963 3128
1102 2656 693 692 3129 756 3128
1103 693 2656 2657 3129 2966 3130
1104 2657 694 693 3131 757 3130
1105 694 2657 2658 3131 2969 3132
1106 2658 695 694 3133 758 3132
1107 695 2658 2659 3133 2972 3134
1108 2659 696 695 3135 759 3134
1109 696 2659 2660 3135 2975 3136
1110 2660 697 696 3137 760 3136
1111 697 2660 2661 3137 2978 3138
1112 2661 698 697 3139 761 3138
1113 698 2661 2662 3139 2981 3140
1114 2662 699 698 3141 762 3140
1115 699 2662 2663 3141 2984 3142
1116 2663 700 699 3143 763 3142
1117 700 2663 2664 3143 2987 3144
1118 2664 701 700 3145 764 3144
1119 701 2664 2665 3145 2990 3146
1120 2665 702 701 3147 765 3146
1121 702 2665 2666 3147 2993 3148
1122 2666 703 702 3149 766 3148
1123 703 2666 2667 3149 2996 3150
1124 2667 704 703 3151 767 3150
1125 704 2667 2668 3151 2999 3152
1126 2668 705 704 3153 768 3152
1127 705 2668 2669 3153 3002 3154
1128 2669 706 705 3155 769 3154
1129 706 2669 2670 3155 3005 3156
1130 2670 707 706 3157 770 3156
1131 707 2670 2671 3157 3008 3158
1132 2671 708 707 3159 771 3158
1133 708 2671 2672 3159 3011 3160
1134 2672 709 708 3161 772 3160
1135 709 2672 2673 3161 3014 3162
1136 2673 710 709 3163 773 3162
1137 710 2673 2674 3163 3017 3164
1138 2674 711 710 3165 774 3164
1139 711 2674 2675 3165 3020 3166
1140 2675 712 711 3167 775 3166
1141 712 2675 2676 3167 3023 3168
1142 2676 713 712 3169 776 3168
1143 713 2676 2677 3169 3026 3170
1144 2677 714 713 3171 777 3170
1145 714 2677 2678 3171 3029 3172
1146 2678 715 714 3173 778 3172
1147 715 2678 2679 3173 3032 3174
1148 2679 716 715 3175 779 3174
1149 716 2679 2680 3175 3035 3176
1150 2680 717 716 3177 780 3176
1151 717 2680 2681 3177 3038 3178
1152 2681 718 717 3179 781 3178
1153 718 2681 2682 3179 3041 3180
1154 2682 719 718 3181 782 3180
1155 719 2682 2683 3181 3044 3182
1156 2683 720 719 3183 783 3182
1157 720 2683 2684 3183 3047 3184
1158 2684 721 720 3185 784 3184
1159 721 2684 2685 3185 3050 3186
1160 2685 722 721 3187 785 3186
1161 722 2685 2686 3187 3053 3188
1162 2686 723 722 3189 786 3188
1163 723 2686 2687 3189 3056 3190
1164 2687 724 723 3191 787 3190
1165 724 2687 2688 3191 3059 3192
1166 2688 725 724 3193 788 3192
1167 725 2688 2689 3193 3062 3194
1168 2689 726 725 3195 789 3194
1169 726 2689 2690 3195 3065 3196
1170 2690 727 726 3197 790 3196
1171 727 2690 2691 3197 3068 3198
1172 2691 728 727 3199 791 3198
1173 728 2691 2692 3199 3071 3200
1174 2692 8 728 3201 792 3200
1175 8 2692 814 3201 3074 817
1177 3499 5156 3921 5713 5714 5715
1180 5629 3306 3827 5722 5723 5724
1181 3996 5561 4041 5725 5726 5727
1184 5611 3524 3891 5734 5735 5736
1186 3768 4680 3483 5740 5741 5742
1187 3838 4245 5226 5743 5744 5745
1189 5561 3485 4041 5748 5749 5726
1190 3922 5156 3499 5750 5713 5751
1193 4507 3542 4979 5756 5757 5758
1195 3756 4773 4387 5761 5762 5763
1196 5443 4596 3261 5764 5765 5766
1197 5226 4245 3227 5744 5767 5768
1201 4080 3306 5629 5778 5722 5779
1204 3727 5184 4393 5785 5786 5787
1209 4773 5143 4387 5798 5799 5762
1210 3256 3704 4378 5800 5801 5802
1211 3764 5306 4207 5803 5804 5805
1212 4140 3524 5611 5806 5734 5807
1219 4491 4970 3601 5822 5823 5824
1220 3985 4183 5311 5825 5826 5827
1222 3814 5499 4011 5831 5832 5833
1225 4743 3768 3483 5839 5742 5840
1240 3542 3940 4979 5880 5881 5757
1243 3315 4326 4258 5888 5889 5890
1246 3402 4680 5133 5896 5897 5898
1247 3564 4335 4085 5899 5900 5901
1250 3529 5316 3903 5907 5908 5909
1251 3503 3719 4315 5910 5911 5912
1252 3245 4890 4252 5913 5914 5915
1257 5181 3853 3399 5927 5928 5929
1259 4183 3436 5311 5933 5934 5826
1261 3301 4481 4284 5938 5939 5940
1266 3572 4593 4034 5952 5953 5954
1268 3940 4942 5515 5958 5959 5960
1270 3204 4375 4019 5964 5965 5966
1271 3313 3863 4395 5967 5968 5969
1273 3228 4085 3986 5972 5973 5974
1278 3545 4032 4202 5986 5987 5988
1281 3367 3585 4193 5994 5995 5996
1282 4474 4836 3271 5997 5998 5999
1283 5249 3865 4302 6000 6001 6002
1285 3220 3816 4242 6005 6006 6007
1289 3540 5006 3829 6016 6017 6018
1291 3525 4432 4107 6021 6022 6023
1295 3212 4743 3787 6033 6034 6035
1296 3613 3917 5610 6036 6037 6038
1297 5312 3922 3499 6039 5751 6040
1298 3258 4336 4306 6041 6042 6043
1300 3302 4367 4071 6046 6047 6048
1302 3744 4195 4892 6052 6053 6054
1305 3476 4459 4104 6061 6062 6063
1306 3909 5622 4195 6064 6065 6066
1307 3423 3935 4265 6067 6068 6069
1310 3540 3829 4490 6018 6076 6077
1317 8 5554 728 6093 6094 792
1318 3220 5095 4426 6095 6096 6097
1319 3271 4586 4474 6098 6099 5999
1322 3446 4170 3811 6106 6107 6108
1323 4 405 4014 468 6109 6110
1324 3334 4857 4040 6111 6112 6113
1326 3325 4933 5312 6117 6118 6119
1328 3335 4361 3917 6123 6124 6125
1329 3230 4321 5133 6126 6127 6128
1333 3270 3848 4018 6135 6136 6137
1338 3753 4617 4981 6147 6148 6149
1339 4 5476 4510 6150 6151 6152
1340 3486 4106 4767 6153 6154 6155
1351 3204 3853 4042 6183 6184 6185
1353 3542 4942 3940 6189 5958 5880
1358 3439 3781 4563 6202 6203 6204
1359 3503 4135 3719 6205 6206 5910
1360 3306 5238 3842 6207 6208 6209
1361 3601 4970 3912 5823 6210 6211
1363 3230 5133 3964 6128 6214 6215
1364 3491 4701 3721 6216 6217 6218
1365 3230 3744 4892 6219 6054 6220
1369 3524 4470 3891 6228 6229 5735
1371 3437 4782 4350 6233 6234 6235
1372 3483 4316 4483 6236 6237 6238
1376 3380 4670 3842 6246 6247 6248
1379 3258 4628 5048 6255 6256 6257
1380 3630 4107 4432 6258 6022 6259
1382 3228 3986 4079 5974 6262 6263
1383 3811 4331 4887 6264 6265 6266
1385 687 4490 4854 6270 6271 6272
1386 4314 4731 5114 6273 6274 6275
1388 3846 5048 4628 6278 6256 6279
1389 3964 5133 4680 6214 5897 6280
1390 3304 4164 4515 6281 6282 6283
1391 697 698 4279 761 6284 6285
1396 3719 4135 4988 6206 6296 6297
1400 3245 4544 4890 6303 6304 5913
1401 4285 4990 5095 6305 6306 6307
1402 3801 4474 4586 6308 6099 6309
1407 3266 3981 5067 6320 6321 6322
1413 3360 3908 5188 6337 6338 6339
1414 3532 4130 4514 6340 6341 6342
1418 3384 4839 4111 6351 6352 6353
1419 3523 4115 4193 6354 6355 6356
1422 3501 3903 4196 6362 6363 6364
1423 3325 4988 4135 6365 6296 6366
1431 4896 4283 3509 6386 6387 6388
1432 685 4217 4088 6389 6390 6391
1433 685 686 4217 749 6392 6389
1434 3412 4044 5464 6393 6394 6395
1435 3266 5045 3981 6396 6397 6320
1436 3373 4142 4033 6398 6399 6400
1438 3462 4258 4562 6403 6404 6405
1439 3862 5312 4933 6406 6118 6407
1442 3239 4177 4386 6413 6414 6415
1445 3696 4071 4939 6422 6423 6424
1447 3523 4193 4516 6356 6427 6428
1461 3584 4381 4483 6456 6457 6458
1462 3635 4767 4106 6459 6154 6460
1464 3315 4384 5127 6463 6464 6465
1468 3421 4417 4533 6475 6476 6477
1471 3496 4122 4721 6483 6484 6485
1473 410 411 4092 474 6489 6490
1474 4207 5306 3417 5804 6491 6492
1475 3617 5337 4294 6493 6494 6495
1477 437 438 4272 501 6499 6500
1479 3727 4393 5250 5787 6504 6505
1480 3476 4104 4775 6063 6506 6507
1482 3496 4765 4126 6510 6511 6512
1485 3354 3974 4194 6517 6518 6519
1486 5202 3704 3256 6520 5800 6521
1487 687 688 4490 751 6522 6270
1490 3903 5316 4196 5908 6527 6363
1492 691 692 4289 755 6530 6531
1495 3862 3922 5312 6537 6039 6406
1496 3667 5017 4432 6538 6539 6540
1500 3502 4238 3876 6548 6549 6550
1502 3950 5412 3978 6554 6555 6556
1507 3630 4514 4130 6568 6341 6569
1509 3639 4189 4057 6573 6574 6575
1511 3421 4415 3959 6577 6578 6579
1513 3828 3896 5698 6582 6583 6584
1516 3959 4415 5657 6578 6589 6590
1525 3569 4922 4234 6609 6610 6611
1526 3226 3965 5703 6612 6613 6614
1527 3228 4079 3949 6263 6615 6616
1528 3286 3952 4887 6617 6618 6619
1529 3335 3917 4576 6125 6620 6621
1534 3247 4525 4524 6632 6633 6634
1536 689 690 4308 753 6637 6638
1539 3523 5052 3809 6645 6646 6647
1545 3596 4284 4481 6661 5939 6662
1547 3269 4231 4068 6666 6667 6668
1552 3890 4391 5189 6677 6678 6679
1553 3258 5105 4628 6680 6681 6255
1555 3631 4375 3983 6685 6686 6687
1558 3435 4450 4023 6693 6694 6695
1562 3689 4326 4941 6703 6704 6705
1564 3246 4283 3969 6707 6708 6709
1565 3462 4217 3829 6710 6711 6712
1568 3891 4470 4894 6229 6717 6718
1569 3630 4432 4514 6259 6719 6568
1570 3620 4285 4242 6720 6721 6722
1572 710 711 4310 774 6725 6726
1577 438 4106 4272 6739 6740 6499
1578 3419 3986 4085 6741 5973 6742
1580 3494 3985 4919 6745 6746 6747
1583 3865 4726 4302 6753 6754 6001
1585 3501 4771 4149 6758 6759 6760
1587 3301 4284 4153 5940 6762 6763
1589 4540 5677 3364 6767 6768 6769
1593 3546 4534 4912 6778 6779 6780
1594 3202 3750 4312 6781 6782 6783
1597 3360 4463 3908 6787 6788 6337
1600 708 709 4325 772 6794 6795
1602 3496 4126 4500 6512 6798 6799
1607 3229 3978 5603 6810 6811 6812
1608 5184 3397 4393 6813 6814 5786
1609 3342 3852 4268 6815 6816 6817
1610 3555 3991 4053 6818 6819 6820
1619 3635 4126 4765 6842 6511 6843
1620 3399 3853 4966 5928 6844 6845
1621 3583 5249 4302 6846 6002 6847
1622 3235 4551 3967 6848 6849 6850
1626 3569 4798 4922 6858 6859 6609
1629 3542 4784 4942 6865 6866 6189
1630 3361 4455 3816 6867 6868 6869
1634 698 5140 4279 6876 6877 6284
1638 3617 4129 5337 6887 6888 6493
1640 445 446 4369 509 6892 6893
1641 3436 4559 4127 6894 6895 6896
1643 3565 4386 4177 6899 6414 6900
1645 3802 5284 4229 6903 6904 6905
1646 3490 3724 4298 6906 6907 6908
1648 3612 3996 5303 6911 6912 6913
1650 3832 5127 4384 6917 6464 6918
1651 3648 4721 4122 6919 6484 6920
1654 3662 5022 4664 6926 6927 6928
1657 3689 4258 4326 6933 5889 6703
1658 3558 5189 4391 6934 6678 6935
1661 3269 5575 3832 6940 6941 6942
1662 4237 4515 4275 6943 6944 6945
1670 3229 4002 4538 6962 6963 6964
1671 3220 4426 3816 6097 6965 6005
1672 3499 3921 5464 5715 6966 6967
1674 3446 3811 4887 6108 6266 6969
1675 3350 5397 4656 6970 6971 6972
1676 3714 5052 4515 6973 6974 6975
1677 3644 4863 3898 6976 6977 6978
1679 3655 4350 4138 6981 6982 6983
1682 3361 3959 5657 6988 6590 6989
1685 3203 4114 4113 6995 6996 6997
1686 3950 3978 4994 6556 6998 6999
1687 3584 4483 4316 6458 6237 7000
1688 701 702 4069 765 7001 7002
1694 4396 3253 5478 7012 7013 6145
1698 3483 4002 4316 7020 7021 6236
1701 414 415 4403 478 7026 7027
1703 3367 5334 3585 7031 7032 5994
1704 3586 4181 4689 7033 7034 7035
1706 3853 5181 3908 5927 7039 7040
1707 3356 5349 3810 7041 7042 7043
1708 3501 4369 3903 7044 7045 6362
1709 3229 4316 4002 7046 7021 6962
1714 3446 4312 4170 7055 7056 6106
1719 3402 4538 4002 7066 6963 7067
1720 3699 4113 3999 7068 7069 7070
1723 3444 3896 4410 7075 7076 7077
1724 3558 4391 4538 6935 7078 7079
1727 5284 3313 4229 7084 7085 6904
1728 3671 4194 5170 7086 7087 7088
1732 3893 4426 5095 7095 6096 7096
1737 4350 4782 5536 6234 7104 7105
1738 445 4369 4149 6893 7106 7107
1740 3489 4906 4040 7111 7112 7113
1741 3533 4379 4314 7114 7115 7116
1747 3346 4022 4257 7129 7130 7131
1750 3270 4374 3848 7137 7138 6135
1751 690 5392 4308 7139 7140 6637
1752 3509 4281 4005 7141 7142 7143
1753 3486 4272 4106 7144 6740 6153
1758 5499 3427 4011 7153 7154 5832
1762 3491 3967 4551 7161 6849 7162
1763 3259 4762 4074 7163 7164 7165
1764 3376 5231 5092 7166 7167 7168
1765 3675 4801 4355 7169 7170 7171
1768 4010 5677 4540 7176 6767 7177
1769 3423 4632 3935 7178 7179 6067
1771 3496 4500 4122 6799 7182 6483
1774 3269 3832 4523 6942 7189 7190
1775 3631 4019 4375 7191 5965 6685
1776 3342 4381 3852 7192 7193 6815
1780 3810 4533 4417 7198 6476 7199
1782 3529 3903 4461 5909 7203 7204
1783 684 685 4088 748 6391 7205
1786 3391 3834 4907 7210 7211 7212
1787 3623 3944 4833 7213 7214 7215
1788 3523 4516 5052 6428 7216 6645
1789 3667 4432 4923 6540 7217 7218
1792 3226 5315 3965 7224 7225 6612
1793 722 723 4146 786 7226 7227
1794 3512 4886 4155 7228 7229 7230
1795 3483 4680 4002 5741 7231 7020
1799 3969 4283 4896 6708 6386 7239
1800 3306 4693 3827 7240 7241 5723
1805 3421 3959 4417 6579 7251 6475
1808 3211 3852 5601 7255 7256 7257
1809 411 4440 4092 7258 7259 6489
1812 3648 4149 4771 7264 6759 7265
1813 3350 4656 4555 6972 7266 7267
1815 709 5509 4325 7270 7271 6794
1818 3601 5178 4666 7278 7279 7280
1819 3458 3980 4001 7281 7282 7283
1821 3489 4040 4246 7113 7286 7287
1822 3298 4040 5122 7288 7289 7290
1823 3202 4772 3750 7291 7292 6781
1825 3220 4285 5095 7295 6307 6095
1827 3373 4033 4679 6400 7296 7297
1830 3425 4167 4168 7299 7300 7301
1832 438 439 4106 502 7304 6739
1835 3279 4023 5002 7310 7311 7312
1842 414 4403 4155 7027 7326 7327
1847 3323 4296 4031 7334 7335 7336
1853 4032 4836 4474 7345 5997 7346
1854 3753 4981 5545 6149 7347 7348
1859 3533 5573 4164 7356 7357 7358
1866 3522 4515 4164 7372 6282 7373
1867 691 4289 5392 6531 7374 7375
1868 4023 4629 4252 7376 7377 7378
1870 3523 4510 4115 7381 7382 6354
1872 4172 4689 5345 7386 7387 7388
1878 425 426 4162 489 7401 7402
1882 3526 4245 4821 7410 7411 7412
1884 3380 3842 4344 6248 7415 7416
1885 3996 4041 5303 5727 7417 6912
1887 3842 5238 4586 6208 7420 7421
1889 3228 3949 5462 6616 7425 7426
1894 3586 4689 4172 7035 7386 7436
1896 3380 5459 4670 7439 7440 6246
1898 728 5554 3994 6094 7443 7444
1899 3458 4558 5545 7445 7446 7447
1901 3435 4273 4450 7451 7452 6693
1902 3626 4213 5069 7453 7454 7455
1906 3876 4666 5178 7462 7279 7463
1907 4202 5431 5636 7464 7465 7466
1908 411 412 4440 475 7467 7258
1910 3538 3819 4480 7470 7471 7472
1913 3828 5203 3896 7479 7480 6582
1914 3486 4767 4141 6155 7481 7482
1916 3230 3964 4919 6215 7485 7486
1919 3376 4182 5231 7492 7493 7166
1920 695 696 4107 759 7494 7495
1921 3204 4966 3853 7496 6844 6183
1922 3340 4432 5017 7497 6539 7498
1923 3718 3981 5045 7499 6397 7500
1924 4014 4671 5476 7501 7502 7503
1925 3307 4420 4226 7504 7505 7506
1932 442 443 4122 506 7522 7523
1933 3757 5105 4306 7524 7525 7526
1936 3588 4155 4886 7533 7229 7534
1937 3555 4964 4135 7535 7536 7537
1938 3689 4941 4621 6705 7538 7539
1940 3779 5188 3908 7542 6338 7543
1941 3526 4821 4154 7412 7544 7545
1943 3444 5698 3896 7548 6583 7075
1944 5622 3411 4195 7549 7550 6065
1945 4022 4836 4257 7551 7552 7130
1946 3384 4592 4263 7553 7554 7555
1948 3380 4022 4573 7558 7559 7560
1949 3319 4034 4593 7561 5953 7562
1950 3532 4827 4130 7563 7564 6340
1952 710 4310 5509 6726 7567 7568
1953 3501 4196 4373 6364 7569 7570
1956 5479 5514 4483 7574 7575 7576
1959 3568 4045 4548 7583 7584 7585
1960 3494 4919 5058 6747 7586 7587
1962 3735 4306 4336 7590 6042 7591
1972 3848 4492 4018 7615 7616 6136
1975 3316 4502 4018 7622 7623 7624
1977 3544 3898 4608 7628 7629 7630
1978 682 683 4104 746 7631 7632
1979 5570 4231 3515 7633 7634 7635
1980 3363 4772 4047 7636 7637 7638
1981 3325 5547 4933 7639 7640 6117
1982 4068 4231 5570 6667 7633 7641
1984 3391 4907 4034 7212 7644 7645
1985 4001 4962 4558 7646 7647 7648
1988 3290 4610 3863 7653 7654 7655
1989 5588 3609 4922 7656 7657 7658
1992 3484 4268 4916 7663 7664 7665
1995 3219 4792 4064 7669 7670 7671
1999 3382 3838 4684 7679 7680 7681
2003 3306 3842 5049 6209 7691 7692
2006 3689 4621 4502 7539 7696 7697
2008 3313 4774 3863 7699 7700 5967
2012 3481 4202 4032 7706 5987 7707
2015 3294 4033 4142 7712 6399 7713
2016 3271 4836 4022 5998 7551 7714
2018 3696 5582 4375 7246 7717 7718
2021 3858 4040 4857 7724 6112 7725
2023 3261 4314 4379 7727 7115 7728
2024 3501 4149 4369 6760 7106 7044
2025 3809 3714 4585 7729 7730 7731
2026 3258 4306 5105 6043 7525 6680
2027 3515 4306 4695 7732 7733 7734
2028 3462 3829 4448 6712 7735 7736
2030 3435 4023 4252 6695 7378 7738
2031 3397 4195 4764 7739 7740 7741
2033 3705 4415 4405 7745 7746 7747
2035 3246 3969 4885 6709 7751 7752
2036 3828 5698 4751 6584 7753 7754
2037 440 441 4126 504 7755 7756
2038 3524 4140 4142 5806 7757 7758
2039 3227 4005 4281 7759 7142 7760
2040 3564 4085 4873 5901 7761 7762
2041 3828 4751 5645 7754 7763 7764
2043 3876 4238 4888 6549 7767 7768
2045 3546 4912 4011 6780 7771 7772
2046 3619 4775 4104 7773 6506 7774
2047 4017 5545 4558 7775 7446 7776
2048 3491 3881 4701 7777 7778 6216
2050 3286 5250 3952 7780 7781 6617
2055 3623 4833 4530 7215 7789 7790
2058 3324 4280 4480 7797 7798 7799
2060 3235 5239 4551 7802 7803 6848
2063 3356 3810 5079 7043 7809 7810
2070 3572 4525 3798 7823 7824 7825
2077 3671 4921 4194 7835 7836 7086
2079 3613 5610 5067 6038 7840 7841
2081 3658 5002 4023 7845 7311 7846
2082 3298 4291 4031 7847 7848 7849
2083 3380 4344 4022 7416 7850 7558
2085 3574 4554 5239 7853 7854 7855
2086 3853 3908 5276 7040 7856 7857
2087 3287 3923 4044 7858 7859 7860
2088 3877 5263 4540 7861 7862 7863
2094 3316 4018 4492 7624 7616 7878
2095 3533 4045 5573 7879 7880 7356
2106 3230 4503 3744 7901 7902 6219
2107 3834 4524 4525 7903 6633 7904
2108 3315 5006 4384 7905 7906 6463
2109 3735 4695 4306 7907 7733 7590
2111 3572 3798 5268 7825 7910 7911
2113 693 694 4130 757 7915 7916
2115 3601 4666 4491 7280 7920 5824
2119 3697 5252 4192 7927 7928 7929
2122 3546 4663 4671 7935 7936 7937
2123 4258 4999 4562 7938 7939 6404
2133 3354 4588 3974 7958 7959 6517
2134 3568 5091 4045 7960 7961 7583
2135 3346 4573 4022 7962 7559 7129
2137 3385 4808 4120 7964 7965 7966
2138 3486 4141 5611 7482 7967 7968
2139 444 445 4149 508 7107 7969
2140 3496 4721 4280 6485 7970 7971
2143 3744 4764 4195 7977 7740 6052
2144 3445 4192 5252 7978 7928 7979
2145 413 414 4155 477 7327 7980
2146 722 4146 4449 7227 7981 7982
2147 3525 4107 4869 6023 7983 7984
2149 3564 3916 4355 7987 7988 7989
2151 3619 4562 4775 7990 7991 7773
2154 3229 4538 4391 6964 7078 7996
2157 3512 4403 3944 8001 8002 8003
2159 3219 4064 4658 7671 8006 8007
2163 4554 5485 5239 8014 8015 7854
2165 3229 5603 4316 6812 8017 7046
2166 3877 4248 4463 8018 8019 8020
2167 3366 3978 5412 8021 6555 8022
2169 3585 4516 4193 8025 6427 5995
2179 3656 5027 4445 8046 8047 8048
2180 3399 4198 5061 8049 7400 8050
2182 3872 5567 4229 8053 8054 8055
2188 4707 3503 4611 8062 8063 8064
2189 3829 5006 4448 6017 8065 7735
2191 3538 4606 3819 8069 8070 7470
2192 3444 4410 5194 7077 8071 8072
2195 3302 4071 4893 6048 8078 8079
2196 3239 4168 4179 8080 8081 8082
2197 3304 4357 4164 8083 8084 6281
2200 3204 4019 4966 5966 8088 7496
2201 3545 3823 4878 8089 8090 8091
2207 3744 4503 5080 7902 8102 8103
2209 3239 4179 4177 8082 8106 6413
2210 3212 3787 4617 6035 8107 8108
2213 3342 5479 4483 8114 7576 8115
2216 3269 4068 4681 6668 8121 8122
2218 3256 4378 3859 5802 8125 8126
2219 3376 4664 5022 8127 6927 8128
2221 3342 4483 4381 8115 6457 7192
2222 3720 3950 4890 8131 8132 8133
2223 3516 4276 4038 8134 8135 8136
2224 4405 4415 5248 7746 8137 8138
2225 3866 5080 4503 8139 8102 8140
2230 3574 4474 3801 8149 6308 8150
2231 3949 4633 5508 8151 8152 8153
2232 3481 5431 4202 8154 7464 7706
2235 3787 4743 5514 6034 8160 8161
2236 3768 3964 4680 8162 6280 5740
2238 3609 5588 4792 7656 8165 8166
2242 3512 4155 4403 7230 7326 8001
2243 422 423 4180 486 8172 8173
2247 3385 4980 4808 8178 8179 7964
2249 3688 4670 5459 8182 7440 8183
2250 3221 4248 5362 8184 8185 8186
2251 434 435 4470 498 8187 8188
2252 3694 5515 4120 8189 8190 8191
2253 4042 4656 5397 8192 6971 8193
2255 3313 4395 4963 5969 8196 8197
2256 3491 3721 4524 6218 8198 8199
2259 728 3994 4428 7444 8202 8203
2260 3585 5334 4380 7032 8204 8205
2261 448 449 4461 512 8206 8207
2262 3529 4461 4303 7204 8208 8209
2265 3279 4629 4023 8214 7376 7310
2269 3749 4731 4314 8221 6273 8222
2270 3858 5122 4040 8223 7289 7724
2271 3491 4524 4672 8199 8224 8225
2272 4085 4335 5262 5900 8226 8227
2274 3556 4115 5476 8229 8230 8231
2280 3412 4393 4044 8245 8246 6393
2282 3235 3967 4674 6850 8249 8250
2289 3346 5178 4573 8265 8266 7962
2290 3574 3801 4554 8150 8267 7853
2291 3704 5202 4480 6520 8268 8269
2292 3524 4871 4260 8270 8271 8272
2294 721 722 4449 785 7982 8274
2296 3340 4514 4432 8275 6719 7497
2297 5431 3875 5636 8276 8277 7465
2300 4170 4596 5443 8282 5764 8283
2302 3295 5162 4120 8287 8288 8289
2306 3502 4229 5567 8296 8054 8297
2310 714 715 4238 778 8302 8303
2315 3646 4540 5263 8311 7862 8312
2316 3235 3910 5679 8313 8314 8315
2318 3261 4596 4314 5765 8317 7727
2321 3745 4689 4181 8323 7034 8324
2322 3361 3816 4954 6869 8325 8326
2324 3533 4164 4357 7358 8084 8329
2325 3613 4298 4762 8330 8331 8332
2327 3569 4426 5036 8335 8336 8337
2328 3893 5036 4426 8338 8336 7095
2329 3644 4717 4863 8339 8340 6976
2331 3524 4260 4470 8272 8341 6228
2332 3815 5170 4194 8342 7087 8343
2338 3264 4554 4080 8353 8354 8355
2341 3538 4399 5427 8361 8362 8363
2342 4633 3366 5508 8364 8365 8152
2344 3507 4633 4079 8368 8369 8370
2347 3259 3858 4857 8374 7725 8375
2349 3548 4556 4047 8379 8380 8381
2350 3507 4035 4633 8382 8383 8368
2351 3436 4611 3866 8384 8385 8386
2354 3458 5545 4981 7447 7347 8389
2358 3298 4031 4296 7849 7335 8397
2359 3557 4086 4616 8398 8399 8400
2362 3545 4836 4032 8406 7345 5986
2363 3220 4242 4285 6007 6721 7295
2366 3235 4309 5239 8411 8412 7802
2367 3667 4628 5105 8413 6681 8414
2370 3601 4573 5178 8419 8266 7278
2376 3430 4057 4189 8429 6574 8430
2377 3893 4653 5252 8431 8432 8433
2378 719 4768 4970 8434 8435 8436
2380 3708 4108 4276 8439 8440 8441
2381 3226 4265 5374 8442 8443 8444
2383 3499 5464 3923 6967 8447 8448
2384 3548 5155 3922 8449 8450 8451
2390 3572 4034 4907 5954 7644 8463
2391 3542 4233 4784 8464 8465 6865
2392 4140 5611 4141 5807 7967 8466
2394 3509 4005 4896 7143 8469 6388
2400 3548 4508 4556 8482 8483 8379
2406 3385 5515 4942 8494 5959 8495
2407 3323 4031 4945 7336 8496 8497
2420 3538 5427 4343 8363 8524 8525
2423 434 4470 4260 8188 8341 8530
2426 4942 4784 5594 6866 8535 8536
2430 3699 3999 5225 7070 8542 8543
2434 3494 4183 3985 8549 5825 6745
2438 3491 4672 3967 8225 8556 7161
2439 3623 4361 5523 8557 8558 8559
2442 3376 4087 4664 8565 8566 8127
2447 3557 4423 4086 8574 8575 8398
2448 3923 5464 4044 8447 6394 7859
2449 431 432 4233 495 8576 8577
2451 4515 5052 3304 6974 8579 6283
2452 3642 4704 5478 8580 8581 8582
2453 3639 5097 4189 8583 8584 6573
2459 3302 5337 4129 8593 6888 8594
2461 3555 4135 4476 7537 8595 8596
2463 3544 4588 3898 8598 8599 7628
2470 4017 4546 5384 8515 8611 8612
2474 3435 4890 5304 8615 8616 8617
2479 3298 4246 4040 8626 7286 7288
2483 3346 5358 4712 8632 8633 8634
2486 3439 4604 3781 8639 8640 6202
2488 3372 3784 4616 8643 8644 8645
2489 3391 4672 3834 8646 8647 7210
2490 3721 4800 4524 8648 8649 8198
2492 4115 4510 5476 7382 6151 8230
2495 3402 4002 4680 7067 7231 5896
2500 3304 5052 4516 8579 7216 8667
2503 3696 5444 4071 8673 8674 6422
2505 3658 4023 4450 7846 6694 8676
2507 3644 4151 4717 8680 8681 8339
2509 3548 4047 5155 8381 8684 8449
2511 3666 4127 4559 8687 6895 8688
2515 3950 5304 4890 8698 8616 8132
2516 3639 4057 4949 6575 8699 8700
2517 3342 4268 5479 6817 8701 8114
2519 3646 4010 4540 8704 7177 8311
2523 8 814 4275 817 8711 8712
2524 3564 4355 4801 7989 7170 8713
2529 3848 5674 4492 8721 8722 7615
2531 3529 4303 4881 8209 8724 8725
2532 5358 5456 4712 8726 8727 8633
2538 3877 4463 5263 8020 8739 7861
2542 3476 5697 4459 8746 8747 6061
2543 4064 4792 5588 7670 8165 8748
2550 449 4303 4461 8759 8208 8206
2555 3436 4127 4611 6896 8768 8384
2557 3877 5362 4248 8771 8185 8018
2559 3877 4540 5362 7863 8775 8771
2560 3259 4857 3925 8375 8776 8777
2561 3540 5290 4308 8778 8779 8780
2563 719 720 4768 783 8783 8434
2564 3444 5393 5698 8784 8785 7548
2565 3556 5476 4671 8231 7502 8786
2566 3583 4502 4621 8787 7696 8788
2567 3838 5192 4684 8789 8790 7680
2571 3853 4656 4042 8798 8192 6184
2572 3538 4480 5202 7472 8268 8799
2574 3301 4153 5259 6763 8802 8803
2577 4141 4767 5310 7481 8807 8808
2579 3446 4251 4312 8811 8812 7055
2582 3402 5133 3836 5898 8817 8818
2587 3553 4179 4168 8827 8081 8828
2589 3221 4138 4350 8832 6982 8833
2591 3243 4445 5027 8835 8047 8836
2592 3935 5374 4265 8837 8443 6068
2593 3372 4531 3784 8838 8839 8643
2595 3586 4172 5003 7436 8841 8842
2596 3363 4047 4556 7638 8380 8843
2597 4151 5500 4717 8844 8845 8681
2606 3801 4080 4554 8862 8354 8267
2607 3334 4040 4906 6113 7112 8863
2610 3717 4679 5457 8866 8867 8868
2612 3533 4357 4379 8329 8872 7114
2615 3819 4606 4212 8070 8876 8877
2616 3391 4034 4990 7645 8878 8879
2617 3626 4549 4153 8880 8881 8882
2622 3490 4952 3724 8893 8894 6906
2623 3361 4698 3959 8895 8896 6988
2626 3903 4830 4461 8902 8903 7203
2629 3584 4035 4381 8907 8908 6456
2635 3264 4226 5301 8918 8919 8920
2636 4 4510 794 6152 8921 797
2644 3553 4168 4167 8828 7300 8934
2645 3533 5114 4045 8935 8936 7879
2647 3372 4628 4923 8940 8941 8942
2648 3229 4994 3978 8943 6998 6810
2652 3614 5304 3950 8950 8698 8951
2654 3211 4916 3852 8955 8956 7255
2655 3557 4616 4287 8400 8957 8958
2657 433 434 4260 497 8530 8960
2660 3316 4775 4562 8965 7991 8966
2663 3269 4681 5575 8122 8971 6940
2666 3425 4168 4636 7301 8976 8977
2668 3699 5345 4113 8980 8981 7068
2669 3227 5183 4005 8982 8983 7759
2670 3495 5276 4463 8984 8985 8986
2671 3490 4298 3981 6908 8987 8988
2677 410 4092 4424 6490 8997 8998
2679 725 726 4256 789 9001 9002
2680 813 4237 814 9003 9004 816
2681 3259 4074 5005 7165 9005 9006
2682 3732 4871 4784 9007 9008 9009
2686 3522 4275 4515 9016 6944 7372
2688 3202 4312 4251 6783 8812 9019
2689 3522 4439 4275 9020 9021 9016
2691 3495 4463 4248 8986 8019 9023
2692 3462 4448 4258 7736 9024 6403
2693 3508 5049 4670 9025 9026 9027
2696 3264 4080 5629 8355 5779 9032
2697 3644 4769 4151 9033 9034 8680
2699 3644 3898 5132 6978 9036 9037
2701 3834 4672 4524 8647 8224 7903
2707 3612 4356 4167 9048 9049 9050
2709 3631 4778 4019 9053 9054 7191
2715 3823 5097 4774 9064 9065 9066
2718 3875 5378 4958 9071 9072 9073
2719 3502 3876 4712 6550 9074 9075
2723 3540 4490 5290 6077 9082 8778
2725 3756 4658 4773 9084 9085 5761
2726 3797 5194 4410 9086 8071 9087
2729 4173 5588 4922 9091 7658 9092
2732 3980 5430 4001 9095 9096 7282
2733 3626 4153 4284 8882 6762 9097
2737 3228 4873 4085 9105 7761 5972
2739 3829 4854 4490 9109 6271 6076
2740 3614 3890 5295 9110 9111 9112
2745 3294 4140 4141 9121 8466 9122
2755 3219 4417 3959 9137 7251 9138
2760 3617 5134 4129 9145 9146 6887
2762 3439 4563 5172 6204 9150 9151
2766 699 700 4287 763 9159 9160
2768 3412 3952 4393 9163 9164 8245
2770 4280 4721 5233 7970 9168 9169
2776 4263 4592 5223 7554 9180 9181
2780 3757 4231 4457 9188 9189 9190
2782 3384 3808 4839 9193 9194 6351
2783 3226 5703 4265 6614 9195 8442
2791 3724 4074 4762 9212 7164 9213
2792 3692 5021 5172 9214 9215 9216
2795 3891 4272 5611 9220 9221 5736
2796 3623 5523 3944 8559 9222 7213
2797 3516 4684 5192 9223 8790 9224
2798 3569 4954 4426 9225 9226 8335
2799 3614 4391 3890 9227 6677 9110
2802 3732 4784 4233 9009 8465 9230
2805 3295 4120 4808 8289 7965 9236
2806 3612 4655 3996 9237 9238 6911
2808 3360 5263 4463 9240 8739 6787
2809 702 4864 4069 9241 9242 7001
2810 3578 5428 3965 9243 9244 9245
2811 3779 3908 5181 7543 7039 9246
2815 3836 5133 4321 8817 6127 9250
2818 449 450 4303 513 9256 8759
2820 3204 4607 4375 9260 9261 5964
2829 3302 3999 5190 9276 9277 9278
2830 3496 4280 4765 7971 9279 6510
2832 3718 5107 3981 9283 9284 7499
2837 3558 4240 5189 9293 9294 6934
2838 3613 4576 3917 9295 6620 6036
2842 4018 4502 5269 7623 9301 9302
2844 3247 5172 5021 9304 9215 9305
2845 3311 4955 4108 9306 9307 9308
2848 3969 5230 4885 9314 9315 7751
2851 3908 4463 5276 6788 8985 7856
2854 3816 4426 4954 6965 9226 8325
2855 3863 4610 5654 7654 9322 9323
2862 3726 4252 4629 9335 7377 9336
2866 3542 4507 4233 5756 9343 8464
2870 3290 3863 4949 7655 9347 9348
2871 3335 5523 4361 9349 8558 6123
2873 3244 4450 4273 9352 7452 9353
2875 3759 5301 4226 9355 8919 9356
2877 3332 4173 4922 9358 9092 9359
2880 3726 5624 4252 9364 9365 9335
2882 3302 4893 5337 8079 9366 8593
2883 3524 4142 4871 7758 9367 8270
2885 4064 5134 4658 9370 9371 8006
2892 3489 4246 4814 7287 9380 9381
2894 3512 4747 4625 9384 9385 9386
2898 3998 5478 4704 6146 8581 7351
2899 701 4069 4494 7002 9393 9394
2900 405 4534 4014 9395 9396 6109
2902 4695 5570 3515 9399 7635 7734
2903 3548 3922 5496 8451 9400 9401
2907 3545 4910 3823 9408 9409 8089
2908 3842 4670 5049 6247 9026 7691
2910 3251 5580 4276 9412 9413 9414
2914 3266 4087 5092 9422 9423 9424
2916 3301 4183 4481 9427 9428 5938
2922 3382 4821 3838 9440 9441 7679
2923 723 4429 4146 9442 9443 7226
2928 3402 3836 4739 8818 9450 9451
2932 3704 4480 4280 8269 7798 9458
2934 3686 5095 4990 9461 6306 9462
2939 3256 3859 4789 8126 9472 9473
2943 3555 5148 3991 9481 9482 6818
2944 3307 4226 5623 7506 9483 9484
2953 3607 5005 4074 9499 9005 9500
2955 3323 4671 4663 9503 7936 9504
2956 3694 4799 5515 9505 9506 8189
2960 3655 4138 5149 6983 9513 9514
2961 3578 4038 5580 9515 9516 9517
2965 3431 5235 4904 9523 9524 9525
2966 3250 4189 5097 9526 8584 9527
2967 684 4088 4575 7205 9528 9529
2972 3564 4873 3916 7762 9539 7987
2979 4088 4217 5583 6390 9551 9552
2981 3814 4011 5004 5833 9554 9555
2982 3732 4260 4871 9556 8271 9007
2988 3881 4551 5239 9563 7803 9564
2991 3445 5252 4653 7979 8432 9568
2993 4127 4707 4611 9571 8064 8768
2994 3525 4869 4279 7984 9572 9573
2995 3264 5629 4226 9032 9574 8918
2997 3949 4079 4633 6615 8369 8151
3001 3372 4616 4086 8645 8399 9583
3004 3606 4283 4941 9588 9589 9590
3005 3402 4739 4538 9451 9591 7066
3006 3572 5268 4442 7911 9592 9593
3007 3852 4916 4268 8956 7664 6816
3008 3364 5149 4138 9594 9513 9595
3017 3305 4548 4045 9610 7584 9611
3018 451 452 4322 515 9612 9613
3020 3880 4308 5392 9617 7140 9618
3024 3586 5003 5586 8842 9624 9625
3028 3266 5092 5045 9424 9631 6396
3029 3287 5080 4315 9632 9633 9634
3033 3529 4881 4263 8725 9638 9639
3037 3311 4086 4423 9643 8575 9644
3038 3286 4657 5250 9645 9646 7780
3039 3935 4632 5331 7179 9647 9648
3040 3425 5062 4167 9649 9650 7299
3041 3382 5336 4154 9651 9652 9653
3042 3584 4913 4035 9654 9655 8907
3046 683 4575 4104 9661 9662 7631
3051 3364 4138 4540 9595 9671 6769
3052 3532 4289 4827 9672 9673 7563
3053 3246 4885 5249 7752 9674 9675
3061 4143 4459 5697 9689 8747 9690
3063 3572 4907 4525 8463 9693 7823
3065 3784 4279 5140 9695 6877 9696
3066 3685 5378 4265 9697 9698 9699
3068 5052 3714 3809 6973 7729 6646
3072 3497 4769 4715 9709 9710 9711
3075 3203 4113 5345 6997 8981 9714
3078 4129 5134 3475 9146 9719 9720
3079 3290 4949 5243 9348 9721 9722
3080 3384 4881 3808 9723 9724 9193
3082 3601 3912 5460 6211 9728 9729
3086 3578 4334 5191 9736 9737 9738
3087 3397 4044 4393 9739 8246 6814
3090 3409 4825 3880 9745 9746 9747
3092 3512 3944 4747 8003 9751 9384
3093 3930 4325 5509 9752 7271 9753
3098 3382 4154 4821 9653 7544 9440
3099 696 4869 4107 9763 7983 7494
3105 3671 4108 4955 9775 9307 9776
3106 3385 4120 5515 7966 8190 8494
3115 3294 4142 4140 7713 7757 9121
3116 8 4275 4439 8712 9021 9792
3123 3384 4111 4592 6353 9804 7553
3127 3815 4194 5434 8343 9811 9812
3128 3497 4151 4769 9813 9034 9709
3134 425 4162 4469 7402 9823 9824
3135 3444 4386 5393 9825 9826 8784
3136 3694 4120 5037 8191 9827 9828
3137 3648 4771 4721 7265 9829 6919
3138 3692 4556 4508 9830 8483 9831
3143 3424 5384 4546 9838 8611 9839
3145 4 4014 5476 6110 7503 6150
3147 695 4107 4627 7495 9844 9845
3151 3279 5457 4679 9854 8867 9855
3160 3265 4859 4655 9870 9871 9872
3161 3525 4923 4432 9873 7217 6021
3164 3802 4229 5456 6905 9876 9877
3166 3490 3981 4594 8988 9880 9881
3167 3363 5044 4772 9882 9883 7636
3168 3305 5114 4731 9884 6274 9885
3170 3685 4958 5378 9887 9072 9697
3171 3586 5398 4181 9888 9889 7033
3173 682 4104 4459 7632 6062 9892
3175 442 4122 4500 7523 7182 9896
3177 3235 5425 3910 9897 9898 8313
3178 681 4459 4143 9899 9689 7888
3181 3750 4170 4312 9906 7056 6782
3182 3332 5003 4172 9907 8841 9908
3184 3430 4222 4640 9911 9912 9913
3186 3974 4610 5434 9915 9916 9917
3187 3298 5704 4246 9918 9919 8626
3189 418 419 4365 482 9921 9922
3191 439 4482 4106 9925 9926 7304
3195 3626 5069 4549 7455 9933 8880
3198 3235 5679 4309 8315 9936 8411
3199 3229 5653 4994 9937 9938 8943
3200 3827 5623 4226 9939 9483 9940
3202 3446 4887 4989 6969 9943 9944
3204 3861 4674 5118 9946 9947 9948
3205 3458 4001 4558 7283 7648 7445
3207 3221 4755 4248 9951 9952 8184
3210 3784 4287 4616 9956 8957 8644
3217 3302 5421 3999 9969 9970 9276
3227 3332 4172 5071 9908 9984 9985
3229 694 4627 4130 9987 9988 7915
3235 3545 4202 4910 5988 9995 9408
3236 3771 5536 4782 9996 7104 9997
3239 3981 4298 5067 8987 10001 6321
3241 3516 4038 4684 8136 10005 9223
3242 3247 4524 4800 6634 8649 10006
3245 3880 5392 4289 9618 7374 10011
3247 426 4493 4162 10013 10014 7401
3248 3315 4258 4448 5890 9024 10015
3249 4115 5658 4193 10016 10017 6355
3251 3431 4610 5235 10020 10021 9523
3252 3271 4022 4344 7714 7850 10022
3261 3409 3880 4930 9747 10036 10037
3263 3750 4596 4170 10039 8282 9906
3266 440 4126 4482 7756 10044 10045
3274 3491 4551 3881 7162 9563 7777
3276 3503 4315 4611 5912 10057 8063
3277 3486 5611 4272 7968 9221 7144
3279 3555 4053 4964 6820 10060 7535
3281 3424 4546 4213 9839 9429 10062
3282 3485 4153 4549 10063 8881 10064
3283 3930 5509 4310 9753 7567 10065
3285 3311 4108 4763 9308 10067 10068
3289 3558 4659 4240 10075 10076 9293
3292 3366 4633 4913 8364 10078 10079
3294 443 4635 4122 10083 10084 7522
3296 3294 5206 4033 10086 10087 7712
3301 3287 4315 5126 9634 10095 10096
3302 3437 3969 4896 10097 7239 10098
3305 3350 5143 4773 10102 5798 10103
3306 3287 5126 3923 10096 10104 7858
3307 3485 4996 4153 10105 10106 10063
3311 3655 4885 5230 10111 9315 10112
3315 3823 4774 5284 9066 10116 10117
3321 4024 5092 5231 10125 7167 10126
3324 4207 4693 5049 10128 10129 10130
3325 3537 4310 4519 10131 10132 10133
3326 3239 5656 4168 10134 10135 8080
3328 3903 4369 4965 7045 10139 10140
3331 3557 4287 4494 8958 10145 10146
3334 3940 5515 4799 5960 9506 10152
3337 3431 4904 3930 9525 10155 10156
3339 3516 5192 4336 9224 10158 10159
3341 3909 4195 5184 6066 10162 10163
3342 3685 4265 5703 9699 9195 10164
3347 814 4237 4275 9004 6945 8711
3349 3574 4309 4803 10174 10175 10176
3350 3578 5580 4222 9517 10177 10178
3353 3631 4537 4778 10182 10183 9053
3356 3219 3959 4792 9138 10186 7669
3358 3202 5155 4772 10189 10190 7291
3361 3436 3866 5311 8386 10195 5934
3362 4049 4751 5698 10196 7753 10197
3364 4439 5208 5554 10199 10200 10201
3366 441 4500 4126 10204 6798 7755
3367 3350 4773 4294 10103 10205 10206
3375 444 4149 4635 7969 10222 10223
3381 3516 5666 4276 10231 10232 8134
3383 420 421 4385 484 10234 10235
3390 3519 5037 4120 10247 9827 10248
3393 3635 4765 4767 6843 10252 6459
3396 3271 4344 4586 10022 10255 6098
3400 3980 5479 4268 10260 8701 10261
3401 3431 3930 4848 10156 10262 10263
3402 3526 4154 4533 7545 10264 10265
3404 693 4130 4827 7916 7564 10267
3407 3398 5331 4632 10269 9647 10270
3408 3728 4005 5183 10271 8983 10272
3410 3373 4871 4142 10274 9367 6398
3416 3302 5190 4367 9278 10285 6046
3417 4049 5698 5393 10197 8785 10286
3419 3538 4343 4606 8525 10287 8069
3430 3614 3950 4994 8951 6999 10304
3432 3462 5583 4217 10307 9551 6710
3434 3724 4762 4298 9213 8331 6907
3442 3487 4274 5321 10323 10324 10325
3444 3967 4672 5073 8556 10327 10328
3445 3376 5092 4087 7168 9423 8565
3449 3523 3809 4510 6647 10335 7381
3450 3519 4120 5162 10248 8288 10336
3456 3617 4773 4658 10341 9085 10342
3457 413 4155 4977 7980 10343 10344
3460 3436 4183 4559 5933 10350 6894
3462 3261 4379 4380 7728 10352 10353
3463 3578 5191 4038 9738 10354 9515
3465 3367 4331 5334 10357 10358 7031
3466 3759 4226 4420 9356 7505 10359
3471 3544 5612 4325 10366 10367 10368
3481 3445 4751 4192 10383 10384 7978
3483 3287 4764 5080 10387 10388 9632
3485 409 410 4424 473 8998 10391
3486 3324 4765 4280 10392 9279 7797
3487 4057 5243 4949 10393 9721 8699
3490 3306 4080 5238 5778 10398 6207
3491 3694 4822 4799 10399 10400 9505
3493 3565 4535 4552 10403 10404 10405
3495 3617 4658 5134 10342 9371 9145
3496 3810 4417 4687 7199 10407 10408
3497 717 718 4491 781 10409 10410
3499 3243 4659 4445 10411 10412 8835
3502 3639 4774 5097 10415 9065 8583
3506 3494 4481 4183 10420 9428 8549
3510 3202 4251 5156 9019 10425 10426
3511 3569 4234 4954 6611 10427 9225
3512 723 724 4429 787 10428 9442
3514 3642 4592 4704 10431 10432 8580
3516 3965 5428 4959 9244 10435 10436
3517 3243 4952 4240 10437 10438 10439
3519 3230 4919 4503 7486 10442 7901
3521 3324 5310 4767 10444 8807 10445
3523 3671 3995 4921 10447 10448 7835
3525 3334 4625 4857 10449 10450 6111
3527 3501 4373 4771 7570 10453 6758
3528 715 4888 4238 10454 7767 8302
3529 3617 4294 4773 6495 10205 10341
3535 3606 5070 4283 10463 10464 9588
3536 4108 5526 4276 10465 10466 8440
3537 3749 4314 4596 8222 8317 10467
3541 3553 4167 5376 8934 10473 10474
3546 3861 5118 4632 9948 10481 10482
3550 422 4180 4550 8173 10489 10490
3553 3203 5345 4689 9714 7387 10493
3558 3594 4544 4343 10501 10502 10503
3561 3301 4559 4183 10509 10350 9427
3567 3841 4933 5547 10517 7640 10518
3568 3965 4959 5703 10436 10519 6613
3573 3245 4343 4544 10527 10502 6303
3576 3502 5456 4229 10529 9876 8296
3579 3423 4265 5378 6069 9698 10534
3580 3605 5397 4294 10535 10536 10537
3585 3863 4774 4949 7700 10542 9347
3587 3815 5434 5243 9812 10545 10546
3590 3361 4234 4698 10549 10550 8895
3592 3361 4954 4234 8326 10427 10549
3593 3745 4181 4566 8324 10553 9959
3596 3259 5005 3858 9006 10558 8374
3597 3787 5514 5479 8161 7574 10559
3605 3882 5488 4523 10573 10574 10575
3609 3583 5269 4502 10581 9301 8787
3610 3287 4044 4764 7860 10582 10387
3611 794 4510 5566 8921 10583 10584
3613 3296 5292 4181 10585 10586 10587
3614 4281 5570 4695 10588 9399 10589
3620 3372 4923 4531 8942 10596 8838
3621 714 4238 4745 8303 10597 10598
3623 727 728 4428 791 8203 10601
3626 3720 5412 3950 10605 6554 8131
3630 3735 4336 5192 7591 10158 10610
3631 3952 5250 4393 7781 6504 9164
3632 3481 4803 4309 10611 10175 10612
3635 3846 4763 5048 10616 10617 6278
3638 3544 4608 5612 7630 10622 10366
3639 3880 4825 4308 9746 10623 9617
3641 692 4827 4289 10624 9673 6530
3644 5421 4129 3475 10628 9720 10629
3647 3578 3965 5315 9245 7225 10634
3648 3620 4242 5118 6722 10635 10636
3649 3269 5488 4231 10637 10638 6666
3652 686 4854 4217 10643 10644 6392
3658 3785 4154 5336 10651 9652 10652
3661 3305 4714 4548 10656 10657 9610
3664 3613 5067 4298 7841 10001 8330
3665 3490 5189 4952 10661 10662 8893
3666 3995 4715 4769 10663 9710 10664
3669 3696 4375 4607 7718 9261 10668
3671 3475 4064 5588 10671 8748 10672
3672 3373 4784 4871 10673 9008 10274
3673 3365 5233 4721 10674 9168 10675
3675 3578 4222 5428 10178 10678 9243
3677 3397 5184 4195 6813 10162 7739
3678 3487 5210 4274 10681 10682 10323
3684 3384 4263 4881 7555 9638 9723
3685 431 4233 4507 8577 9343 10693
3686 423 4753 4180 10694 10695 8172
3688 711 5692 4310 10699 10700 6725
3689 3620 4674 3967 10701 8249 10702
3690 3999 4113 5190 7069 10703 9277
3694 3834 4525 4907 7904 9693 7211
3695 3930 4904 4325 10155 10709 9752
3697 3323 4945 5102 8497 10712 10713
3699 3296 4751 4049 10716 10196 10717
3700 3243 4240 4659 10439 10076 10411
3701 3623 4530 4365 7790 10718 10719
3703 3244 4273 5295 9353 10723 10724
3704 3305 4045 5114 9611 8936 9884
3706 3671 4955 3995 9776 10727 10447
3707 3653 4604 4420 10728 10729 10730
3710 697 4279 4869 6285 9572 10733
3711 3503 4476 4135 10734 8595 6205
3714 3367 5505 4331 10739 10740 10357
3715 3313 5284 4774 7084 10116 7699
3716 3367 4957 5505 10741 10742 10739
3718 3808 4881 4303 9724 8724 10744
3720 3366 4913 3978 10079 10746 8021
3723 3391 5073 4672 10750 10327 8646
3724 3620 5118 4674 10636 9947 10701
3728 3875 4958 5636 9073 10755 8277
3730 3246 4941 4283 10756 9589 6707
3733 3656 4445 5622 8048 10760 10761
3737 3354 4194 4921 6519 7836 10769
3738 3290 5434 4610 10770 9916 7653
3741 3270 4018 5269 6137 9302 10776
3747 4168 5656 4636 10135 10785 8976
3750 3304 4516 4357 8667 10790 8083
3751 3991 4636 4843 10791 10792 10793
3754 3810 4687 5079 10408 10798 7809
3761 3612 4167 5062 9050 9650 10810
3763 4038 4276 5580 8135 9413 9516
3765 4310 5692 4519 10700 10815 10132
3766 3714 4515 4237 6975 6943 10816
3768 3219 4658 4687 8007 10817 10818
3773 3245 4252 5624 5915 9365 10825
3775 3302 4129 5421 8594 10628 9969
3780 3935 5331 5374 9648 10835 8837
3782 3259 3925 5224 8777 10838 10839
3783 700 4494 4287 10840 10145 9159
3788 424 425 4469 488 9824 10846
3789 5466 4212 3294 10847 10848 10849
3793 3437 5230 3969 10853 9314 10097
3798 3253 4335 4801 10857 10858 10859
3803 3509 4068 5570 10864 7641 10865
3807 3578 5315 4334 10634 10869 9736
3809 4167 4356 5376 9049 10872 10473
3812 3412 4989 3952 10876 10877 9163
3817 3339 5496 4933 10880 10881 10882
3818 3397 4764 4044 7741 10582 9739
3822 3872 4229 5616 8055 10888 10889
3826 3522 4164 5573 7373 7357 10893
3827 3204 4042 5497 6185 10894 10895
3829 3784 4531 4279 8839 10896 9695
3839 3866 4503 5311 8140 10909 10195
3842 3296 4181 5398 10587 9889 10913
3844 3662 4385 4550 10916 10917 10918
3850 3394 4776 3919 10926 10927 10928
3853 3671 5526 4108 10931 10465 9775
3857 3265 4655 4161 9872 10937 10938
3858 3558 4538 4739 7079 9591 10939
3862 3974 5434 4194 9917 9811 6518
3863 681 682 4459 745 9892 9899
3864 683 684 4575 747 9529 9661
3872 3798 4508 5268 10956 10957 7910
3873 3245 4606 4343 10958 10287 10527
3876 3842 4586 4344 7421 10255 7415
3878 3363 4556 4563 8843 10964 10965
3879 3930 4310 4848 10065 10966 10262
3880 3533 4314 5114 7116 6275 8935
3889 3346 4257 5358 7131 10975 8632
3890 3251 4276 5526 9414 10466 10976
3895 3565 4177 5562 6900 10985 10986
3899 4246 5499 4814 10993 10994 9380
3901 3614 5295 4273 9112 10723 10997
3904 3398 5118 4242 11002 10635 11003
3918 3558 4739 4659 10939 11024 10075
3922 3319 5544 4034 11029 11030 7561
3924 700 701 4494 764 9394 10840
3926 3425 4636 3991 8977 10791 11034
3927 3964 5058 4919 11035 7586 7485
3928 726 4846 4256 11036 11037 9001
3929 405 406 4534 469 11038 9395
3932 437 4272 4944 6500 11041 11042
3934 4161 4655 5062 10937 11046 11047
3936 3952 4989 4887 10877 9943 6618
3937 3883 5002 5542 11049 11050 11051
3938 3626 5051 4213 11052 11053 7453
3939 3764 4207 5120 5805 11054 11055
3948 3991 5558 4053 11068 11069 6819
3949 689 4308 5290 6638 8779 11070
3950 3686 4345 4653 11071 11072 11073
3952 3728 5652 4005 11076 11077 10271
3953 3265 4161 5550 10938 11078 11079
3957 4212 5206 3294 11084 10086 10848
3958 3838 4821 4245 9441 7411 5743
3959 432 4932 4233 11085 11086 8576
3960 3797 4843 4636 11087 10792 11088
3962 3394 3919 4709 10928 11090 11091
3963 439 440 4482 503 10045 9925
3965 3557 4494 4069 10146 9393 11092
3966 4334 5336 5191 11093 11094 9737
3967 3335 4576 5415 6621 11095 11096
3969 3771 4950 4755 11099 11100 11101
3970 3568 4548 4443 7585 11102 11103
3972 3686 4990 4034 9462 8878 11105
3973 3286 4887 4331 6619 6265 11106
3975 3865 4885 5149 11109 11110 11111
3976 3585 4380 4379 8205 10352 11112
3977 430 431 4507 494 10693 11113
3979 4508 5240 5268 11114 11115 10957
3980 0 793 4585 795 11116 11117
3981 3588 4977 4155 11118 10343 7533
3983 3986 5026 4079 11120 11121 6262
3986 3694 4493 4822 11126 11127 10399
3992 426 427 4493 490 11136 10013
3996 4024 5045 5092 11144 9631 10125
3997 3340 5017 4457 7498 11145 11146
3998 3719 5126 4315 11147 10095 5911
4000 3738 4945 4031 11150 8496 11151
4005 3768 5058 3964 11158 11035 8162
4007 3265 4476 4707 11161 11162 11163
4011 3279 4679 5236 9855 11168 11169
4012 3458 4981 3980 8389 11170 7281
4014 441 442 4500 505 9896 10204
4018 3862 4933 5496 6407 10881 11175
4019 3999 5421 5225 9970 11176 8542
4020 708 4325 5612 6795 10367 11177
4021 3572 4442 4593 9593 11178 5952
4023 3519 4182 5015 11180 11181 11182
4024 3258 5048 4336 6257 11183 6041
4028 433 4260 4932 8960 11189 11190
4030 3862 5496 3922 11175 9400 6537
4031 3394 5382 4361 11192 11193 11194
4035 3673 4753 4469 11199 11200 11201
4036 3658 4450 4761 8676 11202 11203
4037 3475 5588 4173 10672 9091 11204
4044 3708 4336 5048 11214 11183 11215
4046 3623 4776 4361 11218 11219 8557
4050 3323 4663 4296 9504 11223 7334
4051 3607 4074 5433 9500 11224 11225
4052 3316 4562 4999 8966 7939 11226
4062 3605 5497 5397 11244 11245 10535
4064 3250 4910 4202 11247 9995 11248
4067 3256 4789 4355 9473 11251 11252
4069 3325 4135 4964 6366 7536 11254
4070 3944 4403 4984 8002 11255 11256
4072 3912 4970 4768 6210 8435 11257
4075 3494 4511 4481 11262 11263 10420
4076 3620 5073 4285 11264 11265 6720
4085 443 444 4635 507 10223 10083
4086 417 418 4530 481 11276 11277
4088 3529 4263 5316 9639 11280 5907
4089 4248 4755 5579 9952 11281 11282
4090 3756 4687 4658 11283 10817 9084
4091 3372 4086 5400 9583 11284 11285
4094 694 695 4627 758 9845 9987
4095 3424 4213 5051 10062 11053 11289
4098 813 5161 4237 11291 11292 9003
4099 3588 4886 4906 7534 11293 11294
4100 3446 4989 4251 9944 11295 8811
4101 3718 4024 5689 11296 11297 11298
4103 3697 4192 5586 7929 11301 11302
4105 3430 4640 4057 9913 11305 8429
4107 3481 4032 4803 7707 11308 10611
4110 3332 4922 4798 9359 6859 11314
4111 3417 5321 4274 11315 10324 11316
4117 3612 5062 4655 10810 11046 9237
4119 3676 5026 3986 11325 11120 8765
4122 3716 4846 4428 11328 11329 11330
4125 3508 4146 5120 11333 11334 11335
4126 3537 4395 4848 11336 11337 11338
4127 3757 5408 4231 11339 11340 9188
4128 3391 4285 5073 11341 11265 10750
4129 3430 4959 5428 11342 10435 11343
4132 3809 5566 4510 11346 10583 10335
4133 3653 4548 4714 11347 10657 11348
4136 3270 5269 4302 10776 11351 11352
4140 3720 4890 4544 8133 6304 11358
4144 3699 5071 4172 11362 9984 11363
4146 3619 4575 4088 11366 9528 11367
4148 3979 5102 4945 11369 10712 11370
4152 4005 5652 4896 11077 11375 8469
4154 3425 3991 5148 11034 9482 11377
4155 3619 4104 4575 7774 9662 11366
4156 699 4287 5140 9160 11378 11379
4162 3211 5601 4819 7257 11388 8486
4164 3394 4664 5382 11390 11391 11192
4165 3522 5091 4439 11392 11393 9020
4166 3319 5203 4345 11394 11395 11396
4169 3686 5544 4345 11400 11401 11071
4176 3361 5657 4455 6989 11410 6867
4178 3544 5235 4588 11412 11413 8598
4186 3540 4384 5006 11422 7906 6016
4189 3865 5149 4726 11111 11425 6753
4190 3685 5703 4959 10164 10519 11426
4191 3667 4923 4628 7218 8941 8413
4193 3866 4611 4315 8385 10057 11428
4195 3545 4257 4836 11430 7552 8406
4196 3705 5374 5331 11431 10835 11432
4198 3781 4938 4563 11435 11436 6203
4200 3409 4706 4523 11440 11441 11442
4207 3609 4698 4234 11452 10550 11453
4209 3540 4825 4384 11455 11456 11422
4210 3509 5070 4068 11457 11458 10864
4211 3219 4687 4417 10818 10407 9137
4212 3490 4594 5189 9881 11459 10661
4215 3376 5690 4182 11460 11461 7492
4217 3865 5249 4885 6000 9674 11109
4220 3398 4632 5118 10270 10481 11002
4223 4625 4747 5415 9385 11467 11468
4227 3925 5415 4576 11473 11095 11474
4228 3768 4743 5211 5839 11475 11476
4229 4196 5355 4373 11477 11478 7569
4239 3256 4399 5202 11488 11489 6521
4240 3606 4326 5127 11490 11491 11492
4243 3365 4771 4373 11495 10453 11496
4244 3251 5614 5580 11497 11498 9412
4245 3662 4709 4385 11499 11500 10916
4247 4031 4291 5031 7848 11501 11502
4248 3298 4296 5704 8397 11503 9918
4251 3417 4693 4207 11507 10128 6492
4256 3532 4930 4289 11510 11511 9672
4257 716 717 4666 780 11512 11513
4259 3365 4721 4771 10675 9829 11495
4260 3774 5677 4539 11514 11515 11516
4266 421 422 4550 485 10490 11525
4267 3728 4612 5185 11526 11527 11528
4271 3996 4655 4859 9238 9871 11534
4272 3750 4772 5044 7292 9883 11535
4275 3226 4334 5315 11537 10869 7224
4276 3811 5334 4331 11538 10358 6264
4281 3239 4386 5194 6415 11545 11546
4283 3866 4315 5080 11428 9633 8139
4288 3419 4085 5262 6742 8227 9311
4289 3250 4958 4189 11554 11555 9526
4293 3430 5428 4222 11343 10678 9911
4294 3673 5015 5690 11560 11561 11562
4295 0 5161 813 11563 11291 815
4298 450 5165 4303 11566 11567 9256
4300 3332 5071 4173 9985 11571 9358
4301 3265 5550 4476 11079 11572 11161
4306 3507 5360 4035 11576 11577 8382
4307 3296 4192 4751 11578 10384 10716
4310 3546 4014 4534 11581 9396 6778
4312 3630 4627 4107 11583 9844 6258
4313 3630 4130 4627 6569 9988 11583
4314 3399 5489 4198 11584 11585 8049
4316 3306 5049 4693 7692 10129 7240
4319 3525 4279 4531 9573 10896 11591
4322 418 4365 4530 9922 10718 11276
4324 3749 5044 4938 11596 11597 11598
4325 3411 5474 4892 11599 11600 11601
4326 3883 4808 4980 11602 8179 11603
4330 3315 5127 4326 6465 11491 5888
4335 725 4256 5100 9002 11614 11615
4336 446 4965 4369 11616 10139 6892
4338 3728 5185 4782 11528 11617 11618
4339 3606 4681 5070 11619 11620 10463
4340 3312 4263 5223 11621 9181 11622
4344 3444 5194 4386 8072 11545 9825
4347 3623 4365 4776 10719 11631 11218
4349 3574 5239 4309 7855 8412 10174
4350 3475 5225 5421 11634 11176 10629
4352 3509 5570 4281 10865 10588 7141
4353 3487 5208 4443 11636 11637 11638
4355 3858 5005 5122 10558 11640 8223
4358 4222 5580 5614 10177 11498 11645
4359 3273 4410 4797 11646 11647 11648
4360 3537 4963 4395 11649 8196 11336
4361 3583 4302 5269 6847 11351 10581
4362 3620 3967 5073 10702 10328 11264
4366 451 4322 5165 9613 11656 11657
4367 3394 4361 4776 11194 11219 10926
4368 3708 5048 4763 11215 10617 11658
4375 3269 4523 5488 7190 10574 10637
4378 3391 4990 4285 8879 6305 11341
4379 3726 4033 5206 11674 10087 11675
4381 3411 5622 4445 7549 10760 11677
4383 3612 5303 4356 6913 11679 9048
4389 3247 5021 4525 9305 11687 6632
4391 3247 4800 5172 10006 11688 9304
4392 3995 5647 4921 11689 11690 10448
4393 3607 5122 5005 11691 11640 9499
4394 3319 4345 5544 11396 11401 11029
4395 3316 4492 4775 7878 11692 8965
4397 3296 4552 5292 11696 11697 10585
4398 704 705 4717 768 11698 11699
4399 4035 4913 4633 9655 10078 8383
4402 3726 5236 4033 11702 11703 11674
4403 3270 4302 5164 11352 11704 11705
4406 3317 4778 4537 11710 10183 11711
4409 3339 4697 4442 11715 11716 11717
4411 3591 5190 4113 11719 10703 8030
4414 3814 5004 5200 9555 11722 11723
4417 3708 4763 4108 11658 10067 8439
4419 3227 4245 5183 5767 11728 8982
4434 3585 4379 4357 11112 8872 11750
4435 3716 4428 4947 11330 11751 11752
4436 3718 5045 4024 7500 11144 11296
4438 3298 5122 4291 7290 11754 7847
4440 423 424 4753 487 11756 10694
4443 4138 5362 4540 11760 8775 9671
4450 3639 4949 4774 8700 10542 10415
4451 3312 5223 4499 11622 11770 11771
4454 3692 4508 5021 9831 11774 9214
4455 3556 5658 4115 11775 10016 8229
4458 3655 5230 4350 10112 11781 6981
4469 3974 4588 5235 7959 11413 11795
4472 3568 4443 5208 11103 11637 11798
4475 4047 4772 5155 7637 10190 8684
4476 3872 5616 4519 10889 11802 11803
4480 3628 5579 4755 11806 11281 11807
4483 3675 4355 4789 7171 11251 11809
4484 3350 4294 5397 10206 10536 6970
4485 3427 5704 4663 11810 11811 11812
4487 3819 4212 5466 8877 10847 11814
4489 3917 4361 5382 6124 11193 11816
4490 4146 4429 5120 9443 11817 11334
4494 3694 5037 4493 9828 11823 11126
4496 3925 4857 4625 8776 10450 11824
4497 3409 4384 4825 11825 11456 9745
4498 717 4491 4666 10410 7920 11512
4500 3212 4617 4569 8108 11827 11828
4501 3311 4423 4715 9644 11829 11830
4503 713 714 4745 777 10598 11833
4505 3445 5645 4751 11834 7763 10383
4509 3437 4896 5652 10098 11375 11840
4513 3785 5245 4154 11844 11845 10651
4521 3816 5495 4242 11854 11855 6006
4525 3564 4801 4335 8713 10858 5899
4529 4240 4952 5189 10438 10662 9294
4530 3829 4217 4854 6711 10644 9109
4532 3614 4273 5304 10997 11868 8950
4534 3738 4031 5031 11151 11502 11870
4535 3495 4555 4656 11871 7266 11872
4537 3445 4653 5645 9568 11874 11834
4540 3476 4775 4492 6507 11692 11878
4547 726 727 4846 790 11884 11036
4548 3673 4469 5015 11201 11885 11560
4550 415 4984 4403 11888 11255 7026
4552 421 4550 4385 11525 10917 10234
4553 3815 5243 4640 10546 11889 11890
4555 3546 4011 5507 7772 11891 11892
4559 3499 3923 5373 8448 11897 11898
4561 3507 4079 5026 8370 11121 11902
4564 3658 5542 5002 11906 11050 7845
4565 3759 5244 5301 11907 11908 9355
4567 3827 4226 5629 9940 9574 5724
4569 3655 5149 4885 9514 11110 10111
4571 3594 4940 4544 11913 11914 10501
4572 3324 4767 4765 10445 10252 10392
4574 3744 5080 4764 8103 10388 7977
4576 3253 5578 4335 11916 11917 10857
4577 3212 4569 4511 11828 11918 11919
4580 3653 4714 4604 11348 11924 10728
4581 448 4461 4830 8207 8903 11925
4583 3635 4106 4482 6460 9926 11928
4587 3588 4906 5683 11294 11935 11936
4590 3437 4350 5230 6235 11781 10853
4592 3227 4281 4695 7760 10589 11944
4596 3635 4482 4126 11928 10044 6842
4600 428 429 4799 492 11953 11954
4601 3882 4523 4706 10575 11441 11955
4602 3273 4843 4410 11956 11957 11646
4604 3431 4848 4395 10263 11337 11960
4607 3356 4387 4950 11964 11965 11966
4608 427 428 4822 491 11967 11968
4609 4038 5191 4684 10354 11969 10005
4610 4231 5488 4457 10638 11970 9189
4618 3619 4088 5583 11367 9552 11975
4620 3497 5584 4151 11976 11977 9813
4622 3628 4755 4950 11807 11100 11979
4624 718 4970 4491 11981 5822 10409
4630 3354 4921 5647 10769 11690 11986
4631 3675 4973 4499 11987 11988 11989
4632 3708 5666 4336 11990 11991 11214
4637 3880 4289 4930 10011 11511 10036
4638 3716 5321 5306 11997 11998 11999
4639 406 407 4912 470 12000 12001
4640 712 5386 4519 12002 12003 12004
4641 3246 5249 4621 9675 12005 12006
4642 4057 4640 5243 11305 11889 10393
4644 3475 5134 4064 9719 9370 10671
4649 3609 4234 4922 11453 6610 7657
4650 4222 5614 4640 11645 12014 9912
4653 3568 5208 4439 11798 10199 12017
4655 3363 4563 4938 10965 11436 12019
4657 3421 5248 4415 12023 8137 6577
4660 3364 4726 5149 12028 11425 9594
4661 419 5426 4365 12029 12030 9921
4664 3311 5540 4086 12035 12036 9643
4669 3538 5202 4399 8799 11489 8361
4670 3801 5238 4080 12041 10398 8862
4671 3253 4801 4727 10859 12042 12043
4674 3356 4612 5349 12046 12047 7041
4675 3648 4122 4635 6920 10084 12048
4678 3427 5507 4011 12052 11891 7154
4679 3295 5542 4581 12053 12054 12055
4682 3508 5120 4207 11335 11054 12059
4684 4092 4814 4424 12061 12062 8997
4685 724 5100 4429 12063 12064 10428
4692 3398 4242 5495 11003 11855 12073
4696 3648 4635 4149 12048 10222 7264
4697 3642 4727 4499 12079 12080 12081
4699 3881 5239 5485 9564 8015 12082
4701 416 417 4833 480 12083 12084
4703 3836 4321 5474 9250 12086 12087
4706 3435 4252 4890 7738 5914 8615
4709 3239 5194 5656 11546 12091 10134
4710 3307 5450 4420 12092 12093 7504
4716 793 794 5566 796 10584 12100
4718 3497 4715 4423 9711 11829 12102
4719 712 713 5386 776 12103 12002
4723 420 4385 5426 10235 12107 12108
4726 3699 4172 5345 11363 7388 8980
4730 3916 5197 5427 12113 12114 12115
4731 0 4585 5161 11117 12116 11563
4734 3244 4761 4450 12120 11202 9352
4735 3585 4357 4516 11750 10790 8025
4736 3537 4848 4310 11338 10966 10131
4738 3666 5561 4859 12122 12123 12124
4740 706 707 5630 770 12126 12127
4742 793 5566 4585 12100 12129 11116
4747 3828 4345 5203 12135 11395 7479
4748 424 4469 4753 10846 11200 11756
4749 3540 4308 4825 8780 10623 11455
4751 3417 5306 5321 6491 11998 11315
4758 3629 4593 4442 12144 11178 12145
4760 3557 4069 5472 11092 12147 12148
4761 3356 5079 4387 7810 12149 11964
4763 412 4977 4440 12151 12152 7467
4767 3296 5398 4192 10913 12155 11578
4769 4146 5642 4449 12158 12159 7981
4770 3721 5301 5244 12160 11908 12161
4771 4032 4474 4803 7346 12162 11308
4779 3317 4198 4778 10852 12170 11710
4783 3686 4034 5544 11105 11030 11400
4785 4212 4606 5624 8876 12174 12175
4787 4162 4493 5037 10014 11823 12178
4788 3296 4049 5617 10717 12179 12180
4789 3489 4814 4092 9381 12061 12181
4791 3546 4671 4014 7937 7501 11581
4796 435 4894 4470 12189 6717 8187
4797 3811 4170 5443 6107 8283 12190
4799 3675 4789 4973 11809 12192 11987
4800 3985 4503 4919 12193 10442 6746
4801 3588 5683 4440 11936 12194 12195
4804 692 693 4827 756 10267 10624
4806 3487 5321 4947 10325 12199 12200
4810 3519 5162 4182 10336 12206 11180
4811 705 706 4863 769 12207 12208
4812 409 4424 5200 10391 12209 12210
4814 3537 4519 5616 10133 11802 12211
4815 3836 4445 4659 12212 10412 12213
4817 3519 4162 5037 12214 12178 10247
4818 3212 5211 4743 12215 11475 6033
4820 3316 4999 4502 11226 12216 7622
4821 715 716 4888 779 12217 10454
4822 3613 4762 5224 8332 12218 12219
4824 3425 5148 4161 11377 12221 12222
4825 3675 4499 4727 11989 12080 12223
4830 3254 5341 4883 12228 12229 12230
4832 3607 4291 5122 12232 11754 11691
4833 3774 4302 4726 12233 6754 12234
4835 3339 4442 5268 11717 9592 12236
4836 686 687 4854 750 6272 10643
4841 721 4449 5213 8274 12243 12244
4843 3494 5211 4511 12248 12249 11262
4844 4182 5690 5015 11461 11561 11181
4845 432 433 4932 496 11190 11085
4848 447 448 4830 511 11925 12251
4851 3629 4442 4697 12145 11716 12253
4853 3705 4455 5657 12255 11410 12256
4854 3757 4457 5017 9190 11145 12257
4860 3312 4499 4973 11771 11988 12263
4861 3662 4550 4180 10918 10489 12264
4863 3516 4336 5666 10159 11991 10231
4865 4345 5645 4653 12268 11874 11072
4867 3757 4306 5408 7526 12269 11339
4868 3596 4481 4511 6662 11263 12270
4869 3605 5444 4607 12271 12272 12273
4872 727 4428 4846 10601 11329 11884
4874 3601 5460 4573 9729 12277 8419
4881 3435 5304 4273 8617 11868 7451
4887 707 4608 5630 12291 12292 12126
4888 3708 4276 5666 8441 10232 11990
4892 688 5290 4490 12296 9082 6522
4896 4162 5015 4469 12301 11885 9823
4898 3244 5295 4594 10724 12303 12304
4899 702 703 4864 766 12305 9241
4902 3832 5609 4523 12308 12309 7189
4903 712 4519 5692 12004 10815 12310
4906 3896 4797 4410 12313 11647 7076
4907 3512 4625 4886 9386 12314 7228
4912 3519 5015 4162 11182 12301 12214
4913 3606 5127 5575 11492 12317 12318
4915 427 4822 4493 11968 11127 11136
4919 3295 4808 5542 9236 12323 12053
4922 3891 4944 4272 12324 11041 9220
4925 696 697 4869 760 10733 9763
4927 3503 4707 4476 8062 11162 10734
4928 3606 4941 4326 9590 6704 11490
4930 3726 5206 4212 11675 11084 12328
4936 3256 4355 5618 11252 12335 12336
4937 3675 4727 4801 12223 12042 7169
4942 3250 4202 5636 11248 7466 12342
4945 3653 4420 5450 10730 12093 12344
4946 3425 4161 5062 12222 11047 9649
4947 3266 5610 4087 12345 12346 9422
4948 3596 4511 4569 12270 11918 12347
4955 3673 4180 4753 12356 10695 11199
4958 3324 4480 5310 7799 12359 10444
4959 718 719 4970 782 8436 11981
4969 3588 4440 4977 12195 12152 11118
4970 3312 5316 4263 12369 11280 11621
4974 3628 4950 4387 11979 11965 12372
4976 3508 4207 5049 12059 10130 9025
4984 417 4530 4833 11277 7789 12083
4986 407 408 5004 471 12385 12386
4987 3544 4325 4904 10368 10709 12387
4990 3596 5549 4284 12389 12390 6661
4995 3509 4283 5070 6387 10464 11457
4997 3323 5102 4671 10713 12396 9503
5002 430 4507 4979 11113 5758 12403
5004 3979 5364 5505 12405 12406 12407
5005 3430 4189 4959 8430 12408 11342
5006 3629 4797 5012 12409 12410 12411
5009 3312 4196 5316 12416 6527 12369
5010 3508 5642 4146 12417 12158 11333
5011 429 430 4979 493 12403 12418
5014 436 437 4944 500 11042 12420
5015 3688 5213 4449 12421 12243 12422
5017 3305 4731 4714 9885 12426 10656
5019 3609 4792 4698 8166 12428 11452
5020 3382 5191 5336 12429 11094 9651
5024 716 4666 4888 11513 12434 12217
5025 435 436 4894 499 12435 12189
5026 3411 4892 4195 11601 6053 7550
5027 4087 5382 4664 12436 11391 8566
5029 3738 5031 4883 11870 12439 12440
5031 705 4863 4717 12208 8340 11698
5035 3532 4706 4930 12448 12449 11510
5036 3802 4878 5284 12450 12451 6903
5037 3666 4996 5561 12452 12453 12122
5040 3823 5284 4878 10117 12451 8090
5043 3481 4309 5679 10612 9936 12458
5045 3809 4585 5566 7731 12129 11346
5047 3784 5140 4287 9696 11378 9956
5048 3689 4999 4258 12461 7938 6933
5049 3836 4659 4739 12213 11024 9450
5056 3565 4552 5617 10405 12467 12468
5057 707 708 5612 771 11177 12469
5060 3487 4443 5210 11638 12471 10681
5064 3981 5107 4594 9284 12475 9880
5066 4033 5236 4679 11703 11168 7296
5072 3417 4274 5452 11316 12485 12486
5074 3483 5514 4743 12487 8160 5840
5077 3515 4231 5408 7634 11340 12490
5080 3890 5189 4594 6679 11459 12491
5085 3584 5603 4913 12496 12497 9654
5088 724 725 5100 788 11615 12063
5092 446 447 4965 510 12503 11616
5093 3556 5102 4957 12504 12505 12506
5094 3475 4173 5225 11204 12507 11634
5098 3781 4604 4714 8640 11924 12509
5100 3720 4544 4940 11358 11914 12511
5104 3714 4237 5161 10816 11292 12516
5107 3487 4947 3994 12200 12518 12519
5108 4141 5310 5466 8808 12520 12521
5111 3814 4424 4814 12524 12062 12525
5113 3651 5697 4572 11995 12527 8624
5114 4111 4704 4592 12007 10432 9804
5115 3716 4256 4846 12528 11037 11328
5117 707 5612 4608 12469 10622 12291
5119 4321 4892 5474 12531 11600 12086
5121 3859 5355 4973 12534 12535 12536
5123 3749 4596 5044 10467 12540 11596
5128 3764 4429 5100 12544 12064 12545
5130 4035 5360 4381 11577 12548 8908
5131 3313 4963 4229 8197 12549 7085
5140 412 413 4977 476 10344 12151
5141 3545 4878 4257 8091 12557 11430
5144 3204 5497 4607 10895 12560 9260
5145 3732 4233 4932 9230 11086 12561
5148 3557 5472 4423 12148 12567 8574
5149 415 416 4984 479 12568 11888
5150 3666 5568 4127 12569 12570 8687
5151 3365 5701 5233 12571 12572 10674
5152 428 4799 4822 11954 10400 11967
5153 3732 4932 4260 12561 11189 9556
5154 3494 5058 5211 7587 12573 12248
5157 3605 4893 5444 12577 12578 12271
5160 3705 5657 4415 12256 6589 7745
5163 3688 5459 4768 8183 12582 12583
5165 3221 5362 4138 8186 11760 8832
5168 3340 4457 5648 11146 12588 12589
5170 3893 5095 4653 7096 12590 8431
5174 3724 5179 4074 12594 12595 9212
5175 3692 4563 4556 12596 10964 9830
5176 3295 4581 5689 12055 12597 12598
5178 3229 4391 5653 7996 12601 9937
5179 3254 5138 5341 12602 12603 12228
5183 3555 5550 5148 12607 12608 9481
5184 3662 4664 4709 6928 12609 11499
5185 3266 5067 5610 6322 7840 12345
5189 3995 4955 4715 10727 12613 10663
5190 3307 4274 5210 12614 10682 12615
5194 406 4912 4534 12001 6779 11038
5197 3912 4768 5459 11257 12582 12623
5201 3605 5337 4893 12626 9366 12577
5208 3334 4906 4886 8863 11293 12634
5209 3916 5427 4399 12115 8362 12635
5210 3613 5224 4576 12219 12636 9295
5213 3246 4621 4941 12006 7538 10756
5214 3919 4385 4709 12639 11500 11090
5219 8 4439 5554 9792 10201 6093
5221 408 409 5200 472 12210 12642
5223 3797 5656 5194 12645 12091 9086
5229 3808 4322 4839 12648 9378 9194
5235 698 699 5140 762 11379 6876
5236 3398 4455 5331 12653 12654 10269
5240 3852 4381 5360 7193 12548 12656
5241 3243 5179 4952 12657 12658 10437
5243 3619 5583 4562 11975 12659 7990
5249 3798 4525 5021 7824 11687 12664
5254 3774 5164 4302 12670 11704 12233
5256 4181 5292 4566 10586 12674 10553
5257 3764 5100 4256 12545 11614 12675
5258 3476 4492 5674 11878 8722 12676
5260 450 451 5165 514 11657 11566
5266 3356 4950 5185 11966 12680 12681
5267 3689 4502 4999 7697 12216 12461
5271 3487 3994 5208 12519 12685 11636
5272 3891 4894 4944 6718 12686 12324
5275 3808 5165 4322 12690 11656 12648
5276 3526 4533 5349 10265 12691 12692
5280 704 4717 5500 11699 8845 12696
5283 3629 5084 4797 12698 12699 12409
5284 3898 4588 5132 8599 12700 9036
5285 3339 4933 4697 10882 12701 11715
5286 4296 4663 5704 11223 11811 11503
5287 3705 4405 5374 7747 12702 11431
5292 3802 5456 5358 9877 8726 12706
5295 3808 4303 5165 10744 11567 12690
5296 429 4979 4799 12418 12710 11953
5299 3718 4761 5107 12713 12714 9283
5302 3226 5374 5664 8444 12717 12718
5304 3771 5185 4950 12719 12680 11099
5305 3226 5664 4334 12718 12720 11537
5310 3497 4423 5472 12102 12567 12723
5315 4291 5709 5031 12725 12726 11501
5316 3882 5648 4457 12727 12588 12728
5318 3859 4973 4789 12536 12192 9472
5321 3859 4373 5355 12734 11478 12534
5322 3294 4141 5466 9122 12521 10849
5323 3394 4709 4664 11091 12609 11390
5327 3823 4910 5097 9409 12737 9064
5332 3718 4581 4761 12741 12742 12713
5333 3738 4883 4657 12440 12743 12744
5337 3525 4531 4923 11591 10596 9873
5338 4154 5245 4533 11845 12747 10264
5340 3764 4256 5306 12675 12748 5803
5341 3230 4892 4321 6220 12531 6126
5343 3653 4443 4548 12751 11102 11347
5346 3728 5482 4612 12753 12754 11526
5350 720 721 5213 784 12244 12756
5351 3697 5586 5003 11302 9624 12757
5352 3717 4942 5594 12758 8536 12759
5359 3959 4698 4792 8896 12428 10186
5360 3764 5120 4429 11055 11817 12544
5361 3919 4776 4365 10927 11631 12764
5364 3256 5618 4399 12336 12768 11488
5371 3785 5664 4405 12775 12776 12777
5373 3921 5156 4251 5714 10425 12779
5374 447 4830 4965 12251 12780 12503
5376 3628 4387 5143 12372 5799 12781
5377 416 4833 4984 12084 12782 12568
5378 3409 5609 4384 12783 12784 11825
5384 3656 4647 5433 12789 12790 12791
5389 4153 4996 5259 10106 12794 8802
5393 3662 4180 5022 12264 12798 6926
5394 3594 5427 5197 12799 12114 12800
5396 3705 5331 4455 11432 12654 12255
5406 3626 4284 5051 9097 12808 11052
5407 3673 5022 4180 12809 12798 12356
5412 3704 5233 4378 12813 12814 5801
5416 3296 5617 4552 12180 12467 11696
5418 3811 4380 5334 12817 8204 11538
5421 688 689 5290 752 11070 12296
5424 436 4944 4894 12420 12686 12435
5428 3334 4886 4625 12634 12314 10449
5431 3903 4965 4830 10140 12780 8902
5432 3628 5143 4555 12781 12827 12828
5444 3365 4373 5701 11496 12843 12571
5445 3811 5443 4380 12190 12844 12817
5449 3565 5617 5393 12468 12846 12847
5451 3785 4405 5248 12777 8138 12848
5452 3629 5012 4593 12411 12849 12144
5453 3718 5689 4581 11298 12597 12741
5456 407 5004 4912 12386 12851 12000
5460 3688 4449 5642 12422 12159 12854
5462 3363 4938 5044 12019 11597 9882
5465 3398 5495 4455 12073 12857 12653
5466 3495 4248 5579 9023 11282 12858
5467 3656 5138 4647 12859 12860 12789
5468 690 691 5392 754 7375 7139
5473 703 5500 4864 12863 12864 12305
5477 3244 4594 5107 12304 12475 12868
5478 3756 4387 5079 5763 12149 12869
5481 3642 4499 5223 12081 11770 12871
5483 3704 4280 5233 9458 9169 12813
5484 3409 4523 5609 11442 12309 12783
5485 3312 4973 5355 12263 12535 12873
5486 3431 5654 4610 12874 9322 10020
5492 3979 4957 5102 12878 12505 11369
5493 3484 5665 5430 12493 12879 12880
5494 3688 5642 4670 12854 12881 8182
5497 3254 4647 5138 12886 12860 12602
5499 3439 5172 4800 9151 11688 12888
5501 3574 4803 4474 10176 12162 8149
5503 3427 5499 5704 7153 12891 11810
5504 3924 5262 4335 9312 8226 12818
5505 3431 4395 5654 11960 12892 12874
5508 3628 4555 5579 12828 12894 11806
5514 3787 4981 4617 12899 6148 8107
5515 3565 5562 4535 10986 11132 10403
5518 3738 4657 5364 12744 12900 12901
5520 3980 4268 5430 10261 12902 9095
5521 3726 4212 5624 12328 12175 9364
5522 3658 4761 4581 11203 12742 12903
5523 3526 4612 5482 12904 12754 12905
5524 3785 5336 4334 10652 11093 12906
5525 419 420 5426 483 12108 12029
5527 3814 5200 4424 11723 12209 12524
5530 3254 4883 5031 12230 12439 12909
5531 3629 4697 5084 12253 12910 12698
5535 3919 5426 4385 12914 12107 12639
5536 4173 5071 5225 11571 12915 12507
5538 3994 4947 4428 12518 11751 8202
5539 3686 4653 5095 11073 12590 9461
5541 3548 5240 4508 12917 11114 8482
5543 3974 5235 4610 11795 10021 9915
5544 4001 5430 5665 9096 12879 12919
5547 3259 5224 4762 10839 12218 7163
5548 3245 5624 4606 10825 12174 10958
5549 3411 4445 5474 11677 12924 11599
5550 3515 5408 4306 12490 12269 7732
5553 3423 5577 4632 12926 12927 7178
5556 3919 4365 5426 12764 12030 12914
5558 3642 5223 4592 12871 9180 10431
5562 3286 5364 4657 12935 12900 9645
5563 3688 4768 5213 12583 12936 12421
5565 3315 4448 5006 10015 8065 7905
5572 3270 5164 4577 11705 12940 10018
5574 3212 4511 5211 11919 12249 12215
5575 703 704 5500 767 12696 12863
5579 3750 5044 4596 11535 12540 10039
5584 3853 5276 4656 7857 12947 8798
5586 3319 4593 5012 7562 12849 12948
5587 709 710 5509 773 7568 7270
5590 3890 4594 5295 12491 12303 9111
5591 3569 5036 4798 8337 12950 6858
5592 3605 4294 5337 10537 6494 12626
5595 3819 5310 4480 12953 12359 7471
5599 3273 4797 5084 11648 12699 12956
5600 3872 4519 5386 11803 12003 12957
5601 3779 5181 5061 9246 12958 12959
5602 3798 5021 4508 12664 11774 10956
5604 3841 5084 4697 12960 12910 12961
5608 3279 5236 4629 11169 12967 8214
5611 3785 4334 5664 12906 12720 12775
5612 3312 5355 4196 12873 11477 12416
5614 3476 4572 5697 12970 12527 8746
5615 3584 4316 5603 7000 8017 12496
5616 3311 4715 4955 11830 12613 9306
5619 3286 5505 5364 12972 12406 12935
5621 3656 5622 5138 10761 12973 12859
5623 3797 4410 4843 9087 11957 11087
5625 3489 4092 5683 12181 12976 12977
5629 3462 4562 5583 6405 12659 10307
5632 3565 5393 4386 12847 9826 6899
5633 3546 5507 4663 11892 12980 7935
5635 3727 4657 4883 12982 12743 12983
5637 408 5200 5004 12642 11722 12385
5639 3439 4800 5244 12888 12988 12989
5641 3380 4573 5460 7560 12277 12992
5642 4246 5704 5499 9919 12891 10993
5644 3716 5306 4256 11999 12748 12528
5645 3859 4378 5701 8125 12995 12996
5646 3483 4483 5514 6238 7575 12487
5648 3264 5301 4701 8920 12998 12999
5649 3526 5482 4245 12905 13000 7410
5653 711 712 5692 775 12310 10699
5657 4161 5148 5550 12221 12608 11078
5658 3883 5457 5002 13005 13006 11049
5659 3724 4952 5179 8894 12658 12594
5662 3495 4656 5276 11872 12947 8984
5665 3753 4569 4617 13011 11827 6147
5667 720 5213 4768 12756 12936 8783
5672 3841 5637 5084 13014 13015 12960
5679 4042 5397 5497 8193 11245 10894
5680 3607 4647 5709 13018 13019 13020
5681 3644 5647 4769 13021 13022 9033
5686 3502 5567 4238 8297 13026 6548
5689 3605 4607 5497 12273 12560 11244
5692 3568 4439 5091 12017 11393 7960
5697 3254 5709 4647 13032 13019 12886
5699 3819 5466 5310 11814 12520 12953
5701 3896 5012 4797 13034 12410 12313
5702 3409 4930 4706 10037 12449 11440
5704 4068 5070 4681 11458 11620 8121
5705 3250 5636 4958 12342 10755 11554
5706 3372 5400 4628 11285 13036 8940
5709 3656 5433 5027 12791 13038 8046
5712 3671 5170 5526 7088 13041 10931
5715 3852 5360 5601 12656 13045 7256
5716 3994 5554 5208 7443 10200 12685
5718 4378 5233 5701 12814 12572 12995
5720 3979 4945 5364 11370 13047 12405
5721 3235 4674 5425 8250 13048 9897
5726 3925 4576 5224 11474 12636 10838
5731 3916 5618 4355 13055 12335 7988
5733 3607 5433 4647 11225 12790 13018
5734 3876 4888 4666 7768 12434 7462
5743 3290 5243 5434 9722 10545 10770
5744 3264 4701 5485 12999 13063 13064
5745 3507 5026 4819 11902 13065 13066
5748 3228 5462 5197 7426 13068 13069
5749 3526 5349 4612 12692 12047 12904
5752 3876 5178 4712 7463 13072 9074
5753 3495 5579 4555 12858 12894 11871
5756 4405 5664 5374 12776 12717 12702
5757 3202 5156 5155 10426 13075 10189
5758 3421 4533 5245 6477 12747 13076
5763 3985 5311 4503 5827 10909 12193
5766 3489 5683 4906 12977 11935 7111
5767 3882 4457 5488 12728 11970 10573
5769 3373 4679 5594 7297 13082 13083
5771 3346 4712 5178 8634 13072 8265
5780 4053 5637 5547 13090 13091 13092
5781 3692 5172 4563 9216 9150 12596
5782 3995 4769 5647 10664 13022 11689
5785 3810 5349 4533 7042 12691 7198
5786 3583 4621 5249 8788 12005 6846
5788 3944 4984 4833 11256 12782 7214
5791 4069 4864 5584 9242 13096 13097
5793 3594 4343 5427 10503 8524 12799
5796 3721 4701 5301 6217 12998 12160
5799 3607 5709 4291 13020 12725 12232
5800 3676 4819 5026 6802 13065 11325
5801 3265 5568 4859 13101 13102 9870
5802 3350 4555 5143 7267 12827 10102
5805 3658 4581 5542 12903 12054 11906
5809 3726 4629 5236 9336 12967 11702
5813 3385 4942 4980 8495 13110 8178
5816 3335 4747 5523 13113 13114 9349
5819 3697 4798 5036 13118 12950 13119
5829 4092 4440 5683 7259 12194 12976
5830 3261 4380 5443 10353 12844 5766
5833 4189 4958 4959 11555 13128 12408
5834 3787 5479 4981 10559 13129 12899
5836 3697 5036 5252 13119 13130 7927
5838 3774 4726 5677 12234 13133 11514
5842 3221 4350 5536 8833 7105 13138
5848 3508 4670 5642 9027 12881 12417
5850 3861 4632 5577 10482 12927 13148
5852 3532 4514 5557 6342 13152 13153
5854 4198 5489 4778 11585 13154 12170
5859 3749 4938 4731 11598 13156 8221
5860 3264 5485 4554 13064 8014 8353
5862 3356 5185 4612 12681 11527 12046
5863 3841 4697 4933 12961 12701 10517
5865 3265 4707 5568 11163 13158 13101
5867 3484 5430 4268 12880 12902 7663
5871 3645 5292 4552 12677 11697 11148
5874 3476 5674 4572 12676 13163 12970
5875 3354 5132 4588 13164 12700 7958
5877 3332 4798 5003 11314 13166 9907
5884 3832 4384 5609 6918 12784 12308
5886 3727 4883 5341 12983 12229 13172
5888 3250 5097 4910 9527 12737 11247
5892 3721 5244 4800 12161 12988 8648
5893 3666 4559 5259 8688 13177 13178
5894 3244 5107 4761 12868 12714 12120
5895 3667 5105 5017 8414 13179 6538
5897 3699 5225 5071 8543 12915 11362
5898 3367 4193 5658 5996 10017 13180
5901 3254 5031 5709 12909 12726 13032
5902 3596 4569 5018 12347 13182 13183
5904 3307 5623 4274 9484 13187 12614
5905 3203 4689 5365 10493 13188 7403
5906 3735 5226 4695 13189 13190 7907
5917 3227 4695 5226 11944 13190 5768
5925 3859 5701 4373 12996 12843 12734
5926 4443 5450 5210 13209 13210 12471
5928 4151 4864 5500 13212 12864 8844
5929 3642 5478 4727 8582 13213 12079
5931 3745 5365 4689 10168 13188 8323
5932 3399 4966 5489 6845 13216 11584
5934 3717 5594 4679 12759 13082 8866
5938 3771 4755 5536 11101 13218 9996
5939 3898 5630 4608 13219 12292 7629
5941 3286 4331 5505 11106 10740 12972
5944 3221 5536 4755 13138 13218 9951
5946 3802 5358 4878 12706 13225 12450
5952 4053 5547 4964 13092 13230 10060
5953 3614 5653 4391 13231 12601 9227
5956 3916 4873 5197 9539 13233 12113
5957 3756 5079 4687 12869 10798 11283
5963 3279 5002 5457 7312 13006 9854
5964 3863 5654 4395 9323 12892 5968
5965 713 4745 5386 11833 13240 12103
5967 3499 4988 5312 13243 13244 6040
5969 3781 4714 4731 12509 12426 13246
5970 3532 5557 4706 13153 13247 12448
5972 4420 4604 5405 10729 13248 13249
5973 3816 4455 5495 6868 12857 11854
5975 3940 4799 4979 10152 12710 5881
5980 3697 5003 4798 12757 13166 13118
5981 3916 4399 5618 12635 12768 13055
5982 3644 5132 5647 9037 13255 13021
5984 3653 5450 4443 12344 13209 12751
5985 3364 5677 4726 6768 13133 12028
5988 3841 5547 5637 10518 13091 13014
5996 3815 4640 5614 11890 12014 13262
5997 3921 4251 5676 12779 13263 13264
6002 3828 5645 4345 7764 12268 12135
6006 3499 5373 4988 11898 13269 13243
6010 3944 5523 4747 9222 13114 9751
6011 3427 4663 5507 11812 12980 12052
6012 3319 5012 5203 12948 13272 11394
6016 3978 4913 5603 10746 12497 6811
6018 3399 5061 5181 8050 12958 5929
6019 3544 4904 5235 12387 9524 11412
6020 4074 5179 5027 12595 13277 13278
6023 3714 5161 4585 12516 12116 7730
6030 3311 4763 5540 10068 13286 12035
6034 3228 5197 4873 13069 13233 9105
6035 3785 5248 5245 12848 13291 11844
6041 4019 4778 5489 9054 13154 13295
6044 3417 5452 4693 12486 13299 11507
6045 3606 5575 4681 12318 8971 11619
6049 3502 4712 5456 9075 8727 10529
6050 3753 5384 5018 13301 13302 13303
6051 3437 5652 4782 11840 13304 6233
6058 3666 5259 4996 13178 12794 12452
6061 3801 4586 5238 6309 7420 12041
6062 3768 5211 5058 11476 12573 11158
6063 3716 4947 5321 11752 12199 11997
6066 3719 4988 5373 6297 13269 13311
6068 3848 4572 5674 13313 13163 8721
6070 3925 4625 5415 11824 11468 11473
6072 3757 5017 5105 12257 13179 7524
6074 3720 4940 5508 12511 13318 13319
6078 3273 5084 5637 12956 13015 13322
6088 3728 4782 5652 11618 13304 11076
6092 4151 5584 4864 11977 13096 13212
6095 4074 5027 5433 13278 13038 11224
6098 4257 4878 5358 12557 13225 10975
6101 3382 4684 5191 7681 11969 12429
6102 3846 4628 5400 6279 13036 13330
6104 4071 5444 4893 8674 12578 8078
6115 3555 4476 5550 8596 11572 12607
6117 3781 4731 4938 13246 13156 11435
6118 3797 4636 5656 11088 10785 12645
6123 4238 5567 4745 13026 13346 10597
6127 3771 4782 5185 9997 11617 12719
6128 3738 5364 4945 12901 13047 11150
6132 3717 4980 4942 13351 13110 12758
6138 3753 5018 4569 13303 13182 13011
6139 3556 4957 5658 12506 13352 11775
6140 3848 5533 4572 12070 8625 13313
6141 3696 4607 5444 10668 12272 8673
6147 3301 5259 4559 8803 13177 10509
6156 3556 4671 5102 8786 12396 12504
6157 3594 5462 4940 13360 13361 11913
6161 3727 5341 5184 13172 13364 5785
6166 4182 5162 5231 12206 13368 7493
6167 4229 4963 5616 12549 13369 10888
6171 3909 5138 5622 13372 12973 6064
6172 3893 5252 5036 8433 13130 8338
6173 3949 5508 4940 8153 13318 13373
6175 3719 5373 5126 13311 13374 11147
6176 3861 5425 4674 13375 13048 9946
6177 3910 5425 5577 9898 13376 13377
6178 3872 5386 4745 12957 13240 13378
6183 3325 5312 4988 6119 13244 6365
6186 3339 5240 5496 13380 13381 10880
6187 3325 4964 5547 11254 13230 7639
6188 3424 5018 5384 13382 13302 9838
6192 3846 5540 4763 13386 13286 10616
6194 3340 5648 4514 12589 13388 8275
6195 3507 4819 5601 13066 11388 13389
6196 3980 4981 5479 11170 13129 10260
6199 3273 5558 4843 13391 13392 11956
6202 3537 5616 4963 12211 13369 11649
6203 3685 4959 4958 11426 13128 9887
6204 3727 5250 4657 6505 9646 12982
6208 4086 5540 5400 12036 13394 11284
6218 706 5630 4863 12127 13403 12207
6222 3666 4859 5568 12124 13102 12569
6223 4001 5665 4962 12919 13393 7646
6225 4011 4912 5004 7771 12851 9554
6231 3735 5192 5226 10610 13410 13189
6232 3836 5474 4445 12087 12924 12212
6237 3814 4814 5499 12525 10994 5831
6243 4192 5398 5586 12155 13417 11301
6252 3882 4706 5557 11955 13247 13421
6255 3923 5126 5373 10104 13374 11897
6256 3759 4420 5405 10359 13249 13423
6263 4019 5489 4966 13295 13216 8088
6270 3910 5577 5585 13377 13431 13432
6278 3881 5485 4701 12082 13063 7778
6282 3883 4980 5457 11603 13442 13005
6288 4284 5549 5051 12390 13447 12808
6289 3367 5658 4957 13180 13352 10741
6293 3548 5496 5240 9401 13381 12917
6294 4127 5568 4707 12570 13158 9571
6295 3376 5022 5690 8128 13449 11460
6311 3439 5405 4604 13456 13248 8639
6314 3815 5614 5170 13262 13459 8342
6317 3424 5051 5549 11289 13447 13461
6318 3421 5245 5248 13076 13291 12023
6321 3614 4994 5653 10304 9938 13231
6322 4024 5231 5689 10126 13463 11297
6323 3922 5155 5156 8450 13075 5750
6326 3586 5586 5398 9625 13417 9888
6329 3253 4727 5478 12043 13213 7013
6331 3832 5575 5127 6941 12317 6917
6332 3717 5457 4980 8868 13442 13351
6334 3883 5542 4808 11051 12323 11602
6335 3753 5545 5384 7348 13466 13301
6336 3594 5197 5462 12800 13068 13360
6341 3838 5226 5192 5745 13410 8789
6342 3759 5405 5244 13423 13471 11907
6344 4087 5610 5382 12346 13473 12436
6345 3373 5594 4784 13083 8535 10673
6347 3912 5459 5460 12623 13474 9728
6350 3295 5689 5231 12598 13463 13477
6352 3522 5573 5091 10893 13478 11392
6355 3335 5415 4747 11096 11467 13113
6357 3898 4863 5630 6977 13403 13219
6358 3273 5637 5558 13322 13483 13391
6360 3243 5027 5179 8836 13277 12657
6365 4245 5482 5183 13000 13485 11728
6366 3896 5203 5012 7480 13272 13034
6368 3996 4859 5561 11534 12123 5725
6373 3439 5244 5405 12989 13471 13456
6374 3423 5585 5577 13488 13431 12926
6379 3827 4693 5452 7241 13299 13491
6381 3485 5561 4996 5748 12453 10105
6387 4049 5393 5617 10286 12846 12179
6389 4251 4989 5676 11295 13496 13263
6391 3728 5183 5482 10272 13485 12753
6392 3424 5549 5018 13461 13498 13382
6393 3875 5585 5378 13499 13500 9071
6394 3872 4745 5567 13378 13346 8053
6399 3909 5184 5341 10163 13364 13503
6401 3596 5018 5549 13183 13498 12389
6404 4069 5584 5472 13097 13506 12147
6405 3846 5400 5540 13330 13394 13386
6408 3295 5231 5162 13477 13368 8287
6416 3979 5505 4957 12407 10742 12878
6418 3861 5577 5425 13148 13376 13375
6422 3949 4940 5462 13373 13361 7425
6423 3875 5431 5585 8276 13510 13499
6424 4053 5558 5637 11069 13483 13090
6430 3251 5526 5170 10976 13041 13514
6431 3251 5170 5614 13514 13459 11497
6433 3909 5341 5138 13503 12603 13372
6434 3673 5690 5022 11562 13449 12809
6436 3921 5676 5464 13264 13518 6966
6437 3307 5210 5450 12615 13210 12092
6438 3720 5508 5412 13319 13519 10605
6444 3917 5382 5610 11816 13473 6037
6445 3339 5268 5240 12236 11115 13380
6448 3774 5700 5164 13013 13098 12670
6453 3991 4843 5558 10793 13392 11068
6455 3481 5679 5431 12458 13524 8154
6460 3354 5647 5132 11986 13255 13164
6463 3507 5601 5360 13389 13045 11576
6466 4045 5091 5573 7961 13478 7880
6467 3910 5585 5431 13432 13510 13527
6469 3412 5464 5676 6395 13518 13528
6470 3380 5460 5459 12992 13474 7439
6472 3497 5472 5584 12723 13506 11976
6473 3910 5431 5679 13527 13524 8314
6474 4017 5384 5545 8612 13466 7775
6475 4274 5623 5452 13187 13529 12485
6479 3366 5412 5508 8022 13519 8365
6481 3423 5378 5585 10534 13500 13488
6482 3412 5676 4989 13528 13496 10876
6484 4514 5648 5557 13388 13531 13152
6485 3882 5557 5648 13421 13531 12727
6489 3827 5452 5623 13491 13529 9939
