2718
93 1308 62 63 1526 126 1528
94 63 1309 1308 1529 1530 1528
95 1309 63 64 1529 127 1531
96 64 1310 1309 1532 1533 1531
97 1310 64 65 1532 128 1534
98 65 1311 1310 1535 1536 1534
99 1311 65 66 1535 129 1537
100 66 1312 1311 1538 1539 1537
101 1312 66 67 1538 130 1540
102 67 1313 1312 1541 1542 1540
103 1313 67 68 1541 131 1543
104 68 1314 1313 1544 1545 1543
105 1314 68 69 1544 132 1546
106 69 1315 1314 1547 1548 1546
107 1315 69 70 1547 133 1549
108 70 1316 1315 1550 1551 1549
109 1316 70 71 1550 134 1552
110 71 1317 1316 1553 1554 1552
111 1317 71 72 1553 135 1555
112 72 1318 1317 1556 1557 1555
113 1318 72 73 1556 136 1558
114 73 1319 1318 1559 1560 1558
115 1319 73 74 1559 137 1561
116 74 1320 1319 1562 1563 1561
117 1320 74 75 1562 138 1564
118 75 1321 1320 1565 1566 1564
119 1321 75 76 1565 139 1567
120 76 1322 1321 1568 1569 1567
121 1322 76 77 1568 140 1570
122 77 1323 1322 1571 1572 1570
123 1323 77 78 1571 141 1573
124 78 1324 1323 1574 1575 1573
125 1324 78 79 1574 142 1576
126 79 798 1324 1577 1578 1576
127 798 79 1 1577 143 800
222 1308 1372 1371 1720 1721 1719
223 1372 1308 1309 1720 1530 1722
224 1309 1373 1372 1723 1724 1722
225 1373 1309 1310 1723 1533 1725
226 1310 1374 1373 1726 1727 1725
227 1374 1310 1311 1726 1536 1728
228 1311 1375 1374 1729 1730 1728
229 1375 1311 1312 1729 1539 1731
230 1312 1376 1375 1732 1733 1731
231 1376 1312 1313 1732 1542 1734
232 1313 1377 1376 1735 1736 1734
233 1377 1313 1314 1735 1545 1737
234 1314 1378 1377 1738 1739 1737
235 1378 1314 1315 1738 1548 1740
236 1315 1379 1378 1741 1742 1740
237 1379 1315 1316 1741 1551 1743
238 1316 1380 1379 1744 1745 1743
239 1380 1316 1317 1744 1554 1746
240 1317 1381 1380 1747 1748 1746
241 1381 1317 1318 1747 1557 1749
242 1318 1382 1381 1750 1751 1749
243 1382 1318 1319 1750 1560 1752
244 1319 1383 1382 1753 1754 1752
245 1383 1319 1320 1753 1563 1755
246 1320 1384 1383 1756 1757 1755
247 1384 1320 1321 1756 1566 1758
248 1321 1385 1384 1759 1760 1758
249 1385 1321 1322 1759 1569 1761
250 1322 1386 1385 1762 1763 1761
251 1386 1322 1323 1762 1572 1764
252 1323 1387 1386 1765 1766 1764
253 1387 1323 1324 1765 1575 1767
254 1324 799 1387 1768 1769 1767
255 799 1324 798 1768 1578 801
351 452 1371 1372 1864 1721 1865
352 1372 453 452 1866 516 1865
353 453 1372 1373 1866 1724 1867
354 1373 454 453 1868 517 1867
355 454 1373 1374 1868 1727 1869
356 1374 455 454 1870 518 1869
357 455 1374 1375 1870 1730 1871
358 1375 456 455 1872 519 1871
359 456 1375 1376 1872 1733 1873
360 1376 457 456 1874 520 1873
361 457 1376 1377 1874 1736 1875
362 1377 458 457 1876 521 1875
363 458 1377 1378 1876 1739 1877
364 1378 459 458 1878 522 1877
365 459 1378 1379 1878 1742 1879
366 1379 460 459 1880 523 1879
367 460 1379 1380 1880 1745 1881
368 1380 461 460 1882 524 1881
369 461 1380 1381 1882 1748 1883
370 1381 462 461 1884 525 1883
371 462 1381 1382 1884 1751 1885
372 1382 463 462 1886 526 1885
373 463 1382 1383 1886 1754 1887
374 1383 464 463 1888 527 1887
375 464 1383 1384 1888 1757 1889
376 1384 465 464 1890 528 1889
377 465 1384 1385 1890 1760 1891
378 1385 466 465 1892 529 1891
379 466 1385 1386 1892 1763 1893
380 1386 467 466 1894 530 1893
381 467 1386 1387 1894 1766 1895
382 1387 5 467 1896 531 1895
383 5 1387 799 1896 1769 802
384 1 1897 798 1963 1964 800
385 1897 1 144 1963 177 1965
386 144 1898 1897 1966 1967 1965
387 1898 144 145 1966 178 1968
388 145 1899 1898 1969 1970 1968
389 1899 145 146 1969 179 1971
390 146 1900 1899 1972 1973 1971
391 1900 146 147 1972 180 1974
392 147 1901 1900 1975 1976 1974
393 1901 147 148 1975 181 1977
394 148 1902 1901 1978 1979 1977
395 1902 148 149 1978 182 1980
396 149 1903 1902 1981 1982 1980
397 1903 149 150 1981 183 1983
398 150 1904 1903 1984 1985 1983
399 1904 150 151 1984 184 1986
400 151 1905 1904 1987 1988 1986
401 1905 151 152 1987 185 1989
402 152 1906 1905 1990 1991 1989
403 1906 152 153 1990 186 1992
404 153 1907 1906 1993 1994 1992
405 1907 153 154 1993 187 1995
406 154 1908 1907 1996 1997 1995
407 1908 154 155 1996 188 1998
408 155 1909 1908 1999 2000 1998
409 1909 155 156 1999 189 2001
410 156 1910 1909 2002 2003 2001
411 1910 156 157 2002 190 2004
412 157 1911 1910 2005 2006 2004
413 1911 157 158 2005 191 2007
414 158 1912 1911 2008 2009 2007
415 1912 158 159 2008 192 2010
416 159 1913 1912 2011 2012 2010
417 1913 159 160 2011 193 2013
418 160 1914 1913 2014 2015 2013
419 1914 160 161 2014 194 2016
420 161 1915 1914 2017 2018 2016
421 1915 161 162 2017 195 2019
422 162 1916 1915 2020 2021 2019
423 1916 162 163 2020 196 2022
424 163 1917 1916 2023 2024 2022
425 1917 163 164 2023 197 2025
426 164 1918 1917 2026 2027 2025
427 1918 164 165 2026 198 2028
428 165 1919 1918 2029 2030 2028
429 1919 165 166 2029 199 2031
430 166 1920 1919 2032 2033 2031
431 1920 166 167 2032 200 2034
432 167 1921 1920 2035 2036 2034
433 1921 167 168 2035 201 2037
434 168 1922 1921 2038 2039 2037
435 1922 168 169 2038 202 2040
436 169 1923 1922 2041 2042 2040
437 1923 169 170 2041 203 2043
438 170 1924 1923 2044 2045 2043
439 1924 170 171 2044 204 2046
440 171 1925 1924 2047 2048 2046
441 1925 171 172 2047 205 2049
442 172 1926 1925 2050 2051 2049
443 1926 172 173 2050 206 2052
444 173 1927 1926 2053 2054 2052
445 1927 173 174 2053 207 2055
446 174 1928 1927 2056 2057 2055
447 1928 174 175 2056 208 2058
448 175 1929 1928 2059 2060 2058
449 1929 175 176 2059 209 2061
450 176 803 1929 2062 2063 2061
451 803 176 2 2062 210 805
452 798 1930 799 2064 2065 801
453 1930 798 1897 2064 1964 2066
454 1897 1931 1930 2067 2068 2066
455 1931 1897 1898 2067 1967 2069
456 1898 1932 1931 2070 2071 2069
457 1932 1898 1899 2070 1970 2072
458 1899 1933 1932 2073 2074 2072
459 1933 1899 1900 2073 1973 2075
460 1900 1934 1933 2076 2077 2075
461 1934 1900 1901 2076 1976 2078
462 1901 1935 1934 2079 2080 2078
463 1935 1901 1902 2079 1979 2081
464 1902 1936 1935 2082 2083 2081
465 1936 1902 1903 2082 1982 2084
466 1903 1937 1936 2085 2086 2084
467 1937 1903 1904 2085 1985 2087
468 1904 1938 1937 2088 2089 2087
469 1938 1904 1905 2088 1988 2090
470 1905 1939 1938 2091 2092 2090
471 1939 1905 1906 2091 1991 2093
472 1906 1940 1939 2094 2095 2093
473 1940 1906 1907 2094 1994 2096
474 1907 1941 1940 2097 2098 2096
475 1941 1907 1908 2097 1997 2099
476 1908 1942 1941 2100 2101 2099
477 1942 1908 1909 2100 2000 2102
478 1909 1943 1942 2103 2104 2102
479 1943 1909 1910 2103 2003 2105
480 1910 1944 1943 2106 2107 2105
481 1944 1910 1911 2106 2006 2108
482 1911 1945 1944 2109 2110 2108
483 1945 1911 1912 2109 2009 2111
484 1912 1946 1945 2112 2113 2111
485 1946 1912 1913 2112 2012 2114
486 1913 1947 1946 2115 2116 2114
487 1947 1913 1914 2115 2015 2117
488 1914 1948 1947 2118 2119 2117
489 1948 1914 1915 2118 2018 2120
490 1915 1949 1948 2121 2122 2120
491 1949 1915 1916 2121 2021 2123
492 1916 1950 1949 2124 2125 2123
493 1950 1916 1917 2124 2024 2126
494 1917 1951 1950 2127 2128 2126
495 1951 1917 1918 2127 2027 2129
496 1918 1952 1951 2130 2131 2129
497 1952 1918 1919 2130 2030 2132
498 1919 1953 1952 2133 2134 2132
499 1953 1919 1920 2133 2033 2135
500 1920 1954 1953 2136 2137 2135
501 1954 1920 1921 2136 2036 2138
502 1921 1955 1954 2139 2140 2138
503 1955 1921 1922 2139 2039 2141
504 1922 1956 1955 2142 2143 2141
505 1956 1922 1923 2142 2042 2144
506 1923 1957 1956 2145 2146 2144
507 1957 1923 1924 2145 2045 2147
508 1924 1958 1957 2148 2149 2147
509 1958 1924 1925 2148 2048 2150
510 1925 1959 1958 2151 2152 2150
511 1959 1925 1926 2151 2051 2153
512 1926 1960 1959 2154 2155 2153
513 1960 1926 1927 2154 2054 2156
514 1927 1961 1960 2157 2158 2156
515 1961 1927 1928 2157 2057 2159
516 1928 1962 1961 2160 2161 2159
517 1962 1928 1929 2160 2060 2162
518 1929 804 1962 2163 2164 2162
519 804 1929 803 2163 2063 806
520 799 532 5 2165 565 802
521 532 799 1930 2165 2065 2166
522 1930 533 532 2167 566 2166
523 533 1930 1931 2167 2068 2168
524 1931 534 533 2169 567 2168
525 534 1931 1932 2169 2071 2170
526 1932 535 534 2171 568 2170
527 535 1932 1933 2171 2074 2172
528 1933 536 535 2173 569 2172
529 536 1933 1934 2173 2077 2174
530 1934 537 536 2175 570 2174
531 537 1934 1935 2175 2080 2176
532 1935 538 537 2177 571 2176
533 538 1935 1936 2177 2083 2178
534 1936 539 538 2179 572 2178
535 539 1936 1937 2179 2086 2180
536 1937 540 539 2181 573 2180
537 540 1937 1938 2181 2089 2182
538 1938 541 540 2183 574 2182
539 541 1938 1939 2183 2092 2184
540 1939 542 541 2185 575 2184
541 542 1939 1940 2185 2095 2186
542 1940 543 542 2187 576 2186
543 543 1940 1941 2187 2098 2188
544 1941 544 543 2189 577 2188
545 544 1941 1942 2189 2101 2190
546 1942 545 544 2191 578 2190
547 545 1942 1943 2191 2104 2192
548 1943 546 545 2193 579 2192
549 546 1943 1944 2193 2107 2194
550 1944 547 546 2195 580 2194
551 547 1944 1945 2195 2110 2196
552 1945 548 547 2197 581 2196
553 548 1945 1946 2197 2113 2198
554 1946 549 548 2199 582 2198
555 549 1946 1947 2199 2116 2200
556 1947 550 549 2201 583 2200
557 550 1947 1948 2201 2119 2202
558 1948 551 550 2203 584 2202
559 551 1948 1949 2203 2122 2204
560 1949 552 551 2205 585 2204
561 552 1949 1950 2205 2125 2206
562 1950 553 552 2207 586 2206
563 553 1950 1951 2207 2128 2208
564 1951 554 553 2209 587 2208
565 554 1951 1952 2209 2131 2210
566 1952 555 554 2211 588 2210
567 555 1952 1953 2211 2134 2212
568 1953 556 555 2213 589 2212
569 556 1953 1954 2213 2137 2214
570 1954 557 556 2215 590 2214
571 557 1954 1955 2215 2140 2216
572 1955 558 557 2217 591 2216
573 558 1955 1956 2217 2143 2218
574 1956 559 558 2219 592 2218
575 559 1956 1957 2219 2146 2220
576 1957 560 559 2221 593 2220
577 560 1957 1958 2221 2149 2222
578 1958 561 560 2223 594 2222
579 561 1958 1959 2223 2152 2224
580 1959 562 561 2225 595 2224
581 562 1959 1960 2225 2155 2226
582 1960 563 562 2227 596 2226
583 563 1960 1961 2227 2158 2228
584 1961 564 563 2229 597 2228
585 564 1961 1962 2229 2161 2230
586 1962 6 564 2231 598 2230
587 6 1962 804 2231 2164 807
588 2 2232 803 2298 2299 805
589 2232 2 211 2298 244 2300
590 211 2233 2232 2301 2302 2300
591 2233 211 212 2301 245 2303
592 212 2234 2233 2304 2305 2303
593 2234 212 213 2304 246 2306
594 213 2235 2234 2307 2308 2306
595 2235 213 214 2307 247 2309
596 214 2236 2235 2310 2311 2309
597 2236 214 215 2310 248 2312
598 215 2237 2236 2313 2314 2312
599 2237 215 216 2313 249 2315
600 216 2238 2237 2316 2317 2315
601 2238 216 217 2316 250 2318
602 217 2239 2238 2319 2320 2318
603 2239 217 218 2319 251 2321
604 218 2240 2239 2322 2323 2321
605 2240 218 219 2322 252 2324
606 219 2241 2240 2325 2326 2324
607 2241 219 220 2325 253 2327
608 220 2242 2241 2328 2329 2327
609 2242 220 221 2328 254 2330
610 221 2243 2242 2331 2332 2330
611 2243 221 222 2331 255 2333
612 222 2244 2243 2334 2335 2333
613 2244 222 223 2334 256 2336
614 223 2245 2244 2337 2338 2336
615 2245 223 224 2337 257 2339
616 224 2246 2245 2340 2341 2339
617 2246 224 225 2340 258 2342
618 225 2247 2246 2343 2344 2342
619 2247 225 226 2343 259 2345
620 226 2248 2247 2346 2347 2345
621 2248 226 227 2346 260 2348
622 227 2249 2248 2349 2350 2348
623 2249 227 228 2349 261 2351
624 228 2250 2249 2352 2353 2351
625 2250 228 229 2352 262 2354
626 229 2251 2250 2355 2356 2354
627 2251 229 230 2355 263 2357
628 230 2252 2251 2358 2359 2357
629 2252 230 231 2358 264 2360
630 231 2253 2252 2361 2362 2360
631 2253 231 232 2361 265 2363
632 232 2254 2253 2364 2365 2363
633 2254 232 233 2364 266 2366
634 233 2255 2254 2367 2368 2366
635 2255 233 234 2367 267 2369
636 234 2256 2255 2370 2371 2369
637 2256 234 235 2370 268 2372
638 235 2257 2256 2373 2374 2372
639 2257 235 236 2373 269 2375
640 236 2258 2257 2376 2377 2375
641 2258 236 237 2376 270 2378
642 237 2259 2258 2379 2380 2378
643 2259 237 238 2379 271 2381
644 238 2260 2259 2382 2383 2381
645 2260 238 239 2382 272 2384
646 239 2261 2260 2385 2386 2384
647 2261 239 240 2385 273 2387
648 240 2262 2261 2388 2389 2387
649 2262 240 241 2388 274 2390
650 241 2263 2262 2391 2392 2390
651 2263 241 242 2391 275 2393
652 242 2264 2263 2394 2395 2393
653 2264 242 243 2394 276 2396
654 243 808 2264 2397 2398 2396
655 808 243 3 2397 277 810
656 803 2265 804 2399 2400 806
657 2265 803 2232 2399 2299 2401
658 2232 2266 2265 2402 2403 2401
659 2266 2232 2233 2402 2302 2404
660 2233 2267 2266 2405 2406 2404
661 2267 2233 2234 2405 2305 2407
662 2234 2268 2267 2408 2409 2407
663 2268 2234 2235 2408 2308 2410
664 2235 2269 2268 2411 2412 2410
665 2269 2235 2236 2411 2311 2413
666 2236 2270 2269 2414 2415 2413
667 2270 2236 2237 2414 2314 2416
668 2237 2271 2270 2417 2418 2416
669 2271 2237 2238 2417 2317 2419
670 2238 2272 2271 2420 2421 2419
671 2272 2238 2239 2420 2320 2422
672 2239 2273 2272 2423 2424 2422
673 2273 2239 2240 2423 2323 2425
674 2240 2274 2273 2426 2427 2425
675 2274 2240 2241 2426 2326 2428
676 2241 2275 2274 2429 2430 2428
677 2275 2241 2242 2429 2329 2431
678 2242 2276 2275 2432 2433 2431
679 2276 2242 2243 2432 2332 2434
680 2243 2277 2276 2435 2436 2434
681 2277 2243 2244 2435 2335 2437
682 2244 2278 2277 2438 2439 2437
683 2278 2244 2245 2438 2338 2440
684 2245 2279 2278 2441 2442 2440
685 2279 2245 2246 2441 2341 2443
686 2246 2280 2279 2444 2445 2443
687 2280 2246 2247 2444 2344 2446
688 2247 2281 2280 2447 2448 2446
689 2281 2247 2248 2447 2347 2449
690 2248 2282 2281 2450 2451 2449
691 2282 2248 2249 2450 2350 2452
692 2249 2283 2282 2453 2454 2452
693 2283 2249 2250 2453 2353 2455
694 2250 2284 2283 2456 2457 2455
695 2284 2250 2251 2456 2356 2458
696 2251 2285 2284 2459 2460 2458
697 2285 2251 2252 2459 2359 2461
698 2252 2286 2285 2462 2463 2461
699 2286 2252 2253 2462 2362 2464
700 2253 2287 2286 2465 2466 2464
701 2287 2253 2254 2465 2365 2467
702 2254 2288 2287 2468 2469 2467
703 2288 2254 2255 2468 2368 2470
704 2255 2289 2288 2471 2472 2470
705 2289 2255 2256 2471 2371 2473
706 2256 2290 2289 2474 2475 2473
707 2290 2256 2257 2474 2374 2476
708 2257 2291 2290 2477 2478 2476
709 2291 2257 2258 2477 2377 2479
710 2258 2292 2291 2480 2481 2479
711 2292 2258 2259 2480 2380 2482
712 2259 2293 2292 2483 2484 2482
713 2293 2259 2260 2483 2383 2485
714 2260 2294 2293 2486 2487 2485
715 2294 2260 2261 2486 2386 2488
716 2261 2295 2294 2489 2490 2488
717 2295 2261 2262 2489 2389 2491
718 2262 2296 2295 2492 2493 2491
719 2296 2262 2263 2492 2392 2494
720 2263 2297 2296 2495 2496 2494
721 2297 2263 2264 2495 2395 2497
722 2264 809 2297 2498 2499 2497
723 809 2264 808 2498 2398 811
724 804 599 6 2500 632 807
725 599 804 2265 2500 2400 2501
726 2265 600 599 2502 633 2501
727 600 2265 2266 2502 2403 2503
728 2266 601 600 2504 634 2503
729 601 2266 2267 2504 2406 2505
730 2267 602 601 2506 635 2505
731 602 2267 2268 2506 2409 2507
732 2268 603 602 2508 636 2507
733 603 2268 2269 2508 2412 2509
734 2269 604 603 2510 637 2509
735 604 2269 2270 2510 2415 2511
736 2270 605 604 2512 638 2511
737 605 2270 2271 2512 2418 2513
738 2271 606 605 2514 639 2513
739 606 2271 2272 2514 2421 2515
740 2272 607 606 2516 640 2515
741 607 2272 2273 2516 2424 2517
742 2273 608 607 2518 641 2517
743 608 2273 2274 2518 2427 2519
744 2274 609 608 2520 642 2519
745 609 2274 2275 2520 2430 2521
746 2275 610 609 2522 643 2521
747 610 2275 2276 2522 2433 2523
748 2276 611 610 2524 644 2523
749 611 2276 2277 2524 2436 2525
750 2277 612 611 2526 645 2525
751 612 2277 2278 2526 2439 2527
752 2278 613 612 2528 646 2527
753 613 2278 2279 2528 2442 2529
754 2279 614 613 2530 647 2529
755 614 2279 2280 2530 2445 2531
756 2280 615 614 2532 648 2531
757 615 2280 2281 2532 2448 2533
758 2281 616 615 2534 649 2533
759 616 2281 2282 2534 2451 2535
760 2282 617 616 2536 650 2535
761 617 2282 2283 2536 2454 2537
762 2283 618 617 2538 651 2537
763 618 2283 2284 2538 2457 2539
764 2284 619 618 2540 652 2539
765 619 2284 2285 2540 2460 2541
766 2285 620 619 2542 653 2541
767 620 2285 2286 2542 2463 2543
768 2286 621 620 2544 654 2543
769 621 2286 2287 2544 2466 2545
770 2287 622 621 2546 655 2545
771 622 2287 2288 2546 2469 2547
772 2288 623 622 2548 656 2547
773 623 2288 2289 2548 2472 2549
774 2289 624 623 2550 657 2549
775 624 2289 2290 2550 2475 2551
776 2290 625 624 2552 658 2551
777 625 2290 2291 2552 2478 2553
778 2291 626 625 2554 659 2553
779 626 2291 2292 2554 2481 2555
780 2292 627 626 2556 660 2555
781 627 2292 2293 2556 2484 2557
782 2293 628 627 2558 661 2557
783 628 2293 2294 2558 2487 2559
784 2294 629 628 2560 662 2559
785 629 2294 2295 2560 2490 2561
786 2295 630 629 2562 663 2561
787 630 2295 2296 2562 2493 2563
788 2296 631 630 2564 664 2563
789 631 2296 2297 2564 2496 2565
790 2297 7 631 2566 665 2565
791 7 2297 809 2566 2499 812
792 3 2567 808 2693 2694 810
793 2567 3 278 2693 341 2695
794 278 2568 2567 2696 2697 2695
795 2568 278 279 2696 342 2698
796 279 2569 2568 2699 2700 2698
797 2569 279 280 2699 343 2701
798 280 2570 2569 2702 2703 2701
799 2570 280 281 2702 344 2704
800 281 2571 2570 2705 2706 2704
801 2571 281 282 2705 345 2707
802 282 2572 2571 2708 2709 2707
803 2572 282 283 2708 346 2710
804 283 2573 2572 2711 2712 2710
805 2573 283 284 2711 347 2713
806 284 2574 2573 2714 2715 2713
807 2574 284 285 2714 348 2716
808 285 2575 2574 2717 2718 2716
809 2575 285 286 2717 349 2719
810 286 2576 2575 2720 2721 2719
811 2576 286 287 2720 350 2722
812 287 2577 2576 2723 2724 2722
813 2577 287 288 2723 351 2725
814 288 2578 2577 2726 2727 2725
815 2578 288 289 2726 352 2728
816 289 2579 2578 2729 2730 2728
817 2579 289 290 2729 353 2731
818 290 2580 2579 2732 2733 2731
819 2580 290 291 2732 354 2734
820 291 2581 2580 2735 2736 2734
920 808 2630 809 2884 2885 811
921 2630 808 2567 2884 2694 2886
922 2567 2631 2630 2887 2888 2886
923 2631 2567 2568 2887 2697 2889
924 2568 2632 2631 2890 2891 2889
925 2632 2568 2569 2890 2700 2892
926 2569 2633 2632 2893 2894 2892
927 2633 2569 2570 2893 2703 2895
928 2570 2634 2633 2896 2897 2895
929 2634 2570 2571 2896 2706 2898
930 2571 2635 2634 2899 2900 2898
931 2635 2571 2572 2899 2709 2901
932 2572 2636 2635 2902 2903 2901
933 2636 2572 2573 2902 2712 2904
934 2573 2637 2636 2905 2906 2904
935 2637 2573 2574 2905 2715 2907
936 2574 2638 2637 2908 2909 2907
937 2638 2574 2575 2908 2718 2910
938 2575 2639 2638 2911 2912 2910
939 2639 2575 2576 2911 2721 2913
940 2576 2640 2639 2914 2915 2913
941 2640 2576 2577 2914 2724 2916
942 2577 2641 2640 2917 2918 2916
943 2641 2577 2578 2917 2727 2919
944 2578 2642 2641 2920 2921 2919
945 2642 2578 2579 2920 2730 2922
946 2579 2643 2642 2923 2924 2922
947 2643 2579 2580 2923 2733 2925
948 2580 2644 2643 2926 2927 2925
949 2644 2580 2581 2926 2736 2928
1048 809 666 7 3075 729 812
1049 666 809 2630 3075 2885 3076
1050 2630 667 666 3077 730 3076
1051 667 2630 2631 3077 2888 3078
1052 2631 668 667 3079 731 3078
1053 668 2631 2632 3079 2891 3080
1054 2632 669 668 3081 732 3080
1055 669 2632 2633 3081 2894 3082
1056 2633 670 669 3083 733 3082
1057 670 2633 2634 3083 2897 3084
1058 2634 671 670 3085 734 3084
1059 671 2634 2635 3085 2900 3086
1060 2635 672 671 3087 735 3086
1061 672 2635 2636 3087 2903 3088
1062 2636 673 672 3089 736 3088
1063 673 2636 2637 3089 2906 3090
1064 2637 674 673 3091 737 3090
1065 674 2637 2638 3091 2909 3092
1066 2638 675 674 3093 738 3092
1067 675 2638 2639 3093 2912 3094
1068 2639 676 675 3095 739 3094
1069 676 2639 2640 3095 2915 3096
1070 2640 677 676 3097 740 3096
1071 677 2640 2641 3097 2918 3098
1072 2641 678 677 3099 741 3098
1073 678 2641 2642 3099 2921 3100
1074 2642 679 678 3101 742 3100
1075 679 2642 2643 3101 2924 3102
1076 2643 680 679 3103 743 3102
1077 680 2643 2644 3103 2927 3104
1078 2644 681 680 3105 744 3104
1176 5028 3805 3441 5710 5711 5712
1178 4025 3283 5449 5716 5717 5718
1179 4396 3563 5578 5719 5720 5721
1182 5538 3988 3984 5728 5729 5730
1183 4485 3442 4150 5731 5732 5733
1185 3207 5606 4095 5737 5738 5739
1188 3963 5028 3441 5746 5712 5747
1192 5451 3207 4095 5754 5739 5755
1198 4362 4542 4880 5769 5770 5771
1202 4557 5001 5219 5780 5781 5782
1203 5449 3283 3951 5717 5783 5784
1205 5424 3282 3871 5788 5789 5790
1206 5001 3739 5219 5791 5792 5781
1207 4708 5662 4067 5793 5794 5795
1208 3536 4708 4067 5796 5795 5797
1213 3975 4346 5348 5808 5809 5810
1215 3478 5538 3984 5813 5730 5814
1216 4094 5451 4095 5815 5755 5816
1217 4394 3549 4521 5817 5818 5819
1218 3871 3282 4654 5789 5820 5821
1221 3506 4638 4748 5828 5829 5830
1223 3454 4852 4520 5834 5835 5836
1224 3208 4542 4362 5837 5769 5838
1227 5708 4839 3539 5842 5843 5844
1228 3707 4637 4462 5845 5846 5847
1232 3240 4359 3932 5856 5857 5858
1233 3205 3931 5335 5859 5860 5861
1234 3236 4972 4125 5862 5863 5864
1236 3701 3928 5414 5868 5869 5870
1241 3510 4084 3932 5882 5883 5884
1242 3477 4390 3839 5885 5886 5887
1244 3234 4412 4013 5891 5892 5893
1253 3477 4267 4390 5916 5917 5885
1255 3580 4103 3837 5921 5922 5923
1258 3466 3782 4244 5930 5931 5932
1264 3562 4097 4077 5946 5947 5948
1267 3562 4505 4541 5955 5956 5957
1269 3375 3889 4908 5961 5962 5963
1275 3429 3988 5139 5977 5978 5979
1276 3734 4029 5389 5980 5981 5982
1277 3351 4891 5137 5983 5984 5985
1279 3379 5332 3758 5989 5990 5991
1288 3521 4083 4504 6013 6014 6015
1290 625 626 4016 659 6019 6020
1293 3559 4223 4956 6027 6028 6029
1294 670 4075 4244 6030 6031 6032
1303 3355 4506 3927 6055 6056 6057
1308 3550 3886 4518 6070 6071 6072
1309 3388 3777 4072 6073 6074 6075
1312 3291 4297 4406 6080 6081 6082
1313 556 557 3982 590 6083 6084
1315 3415 4352 3772 6088 6089 6090
1316 5606 4236 4095 6091 6092 5738
1321 3807 5281 4043 6103 6104 6105
1325 3634 5168 4174 6114 6115 6116
1327 3357 3844 4609 6120 6121 6122
1330 3864 4394 4521 6129 5819 6130
1332 3510 3932 4359 5884 5857 6134
1334 3960 5649 5154 6138 6139 6140
1335 3318 4462 4637 6141 5846 6142
1336 669 670 4244 733 6032 6143
1337 3998 4396 5478 6144 6145 6146
1341 668 4898 4501 6156 6157 6158
1343 3566 4504 4083 6162 6014 6163
1344 3267 3856 4817 6164 6165 6166
1345 3482 4091 4711 6167 6168 6169
1346 3410 4097 4166 6170 6171 6172
1347 535 536 4323 569 6173 6174
1348 3205 5335 3973 5861 6175 6176
1349 3611 4749 3914 6177 6178 6179
1355 3742 4661 4277 6193 6194 6195
1357 3672 4874 3789 6199 6200 6201
1366 3559 4956 4319 6029 6221 6222
1367 3567 4711 4091 6223 6168 6224
1368 3513 4320 3854 6225 6226 6227
1373 3479 3867 4972 6239 6240 6241
1374 5578 3563 3924 5720 6242 6243
1378 3595 3839 4692 6252 6253 6254
1384 3471 4037 4703 6267 6268 6269
1387 536 4091 4323 6276 6277 6173
1392 3627 4817 3856 6286 6165 6287
1393 3368 4174 5168 6288 6115 6289
1394 3249 4580 3783 6290 6291 6292
1395 3428 4132 4136 6293 6294 6295
1404 3957 4485 4150 6313 5733 6314
1405 3775 5270 4247 6315 6316 6317
1406 3249 3776 4580 6318 6319 6290
1408 3236 4346 3960 6323 6324 6325
1409 3347 4834 3794 6326 6327 6328
1410 3408 4479 4205 6329 6330 6331
1412 3659 4176 4364 6334 6335 6336
1415 3531 4346 3975 6343 5808 6344
1416 3706 5077 4243 6345 6346 6347
1421 3800 4317 5153 6359 6360 6361
1424 3527 4077 4097 6367 5947 6368
1425 3216 4568 5050 6369 6370 6371
1426 3665 3906 4786 6372 6373 6374
1427 3378 4660 3966 6375 6376 6377
1428 3400 5121 3654 6378 6379 6380
1437 3357 4609 4897 6122 6401 6402
1440 3375 4297 3889 6408 6409 5961
1443 3410 3826 3899 6416 6417 6418
1446 625 4016 4337 6020 6425 6426
1448 3550 4518 4668 6072 6429 6430
1450 3205 4046 4673 6432 6433 6434
1451 3595 4692 4484 6254 6435 6436
1452 626 4353 4016 6437 6438 6019
1453 3293 4209 4580 6439 6440 6441
1457 673 674 4043 737 6447 6448
1458 561 562 4051 595 6449 6450
1460 3479 4136 4446 6453 6454 6455
1465 3504 4176 4806 6466 6467 6468
1466 3611 4412 4802 6469 6470 6471
1467 4046 4330 4903 6472 6473 6474
1469 3551 4897 4609 6478 6401 6479
1476 3500 4157 4029 6496 6497 6498
1478 3341 4259 5628 6501 6502 6503
1481 3654 5121 4299 6379 6508 6509
1488 3471 4351 4037 6523 6524 6267
1489 3777 4806 4176 6525 6467 6526
1493 3854 4320 4899 6226 6532 6533
1501 3349 4021 4466 6551 6552 6553
1503 3592 4691 3982 6557 6558 6559
1504 3327 4352 4598 6560 6561 6562
1505 3498 5099 3900 6563 6564 6565
1506 3467 4277 4661 6566 6194 6567
1508 3355 4740 4117 6570 6571 6572
1510 3562 4166 4097 6576 6171 5946
1512 5050 4568 5201 6370 6580 6581
1514 3357 5308 3844 6585 6586 6120
1515 673 4043 4332 6448 6587 6588
1518 3223 4119 4061 6592 6593 6594
1519 3723 4441 5218 6595 6596 6597
1520 3416 3831 4631 6598 6599 6600
1522 3803 5539 4054 6603 6604 6605
1523 3510 4431 4084 6606 6607 5882
1524 3867 4125 4972 6608 5863 6240
1530 3471 4444 3855 6622 6623 6624
1531 3566 4851 3888 6625 6626 6627
1532 3477 3977 4307 6628 6629 6630
1533 5348 4346 3236 5809 6323 6631
1535 3351 4050 4891 6635 6636 5983
1538 3310 3592 4485 6642 6643 6644
1543 3388 4215 3777 6657 6658 6073
1544 3477 4456 3977 6659 6660 6628
1546 3590 4760 4062 6663 6664 6665
1551 3378 3966 4292 6377 6675 6676
1557 3595 4732 3878 6690 6691 6692
1560 3792 4206 5059 6699 6700 6701
1566 3665 4786 5111 6374 6713 6714
1571 4025 4662 3283 6723 6724 5716
1573 3604 5563 4641 6727 6728 6729
1575 3468 4834 4090 6733 6734 6735
1579 3419 4634 3986 6743 6744 6741
1584 3218 3933 4188 6755 6756 6757
1591 3715 5034 5101 6772 6773 6774
1592 3520 4619 4648 6775 6776 6777
1596 3563 3754 4911 6784 6785 6786
1601 3493 4061 4119 6796 6593 6797
1603 3676 4278 4819 6800 6801 6802
1604 3466 4400 3782 6803 6804 5930
1606 3297 3800 5153 6808 6361 6809
1611 3378 5414 3928 6821 5869 6822
1615 4152 4206 5605 6831 6832 6833
1616 3283 4662 4690 6724 6834 6835
1618 3595 4117 4986 6839 6840 6841
1623 3599 5001 4557 6851 5780 6852
1624 538 539 4066 572 6853 6854
1627 3321 4407 4340 6860 6861 6862
1628 3580 3837 4992 5923 6863 6864
1631 3622 5137 4891 6870 5984 6871
1632 624 625 4337 658 6426 6872
1633 3322 4781 4099 6873 6874 6875
1636 3215 3769 5130 6881 6882 6883
1637 3535 4072 4497 6884 6885 6886
1639 3357 3989 4266 6889 6890 6891
1649 3387 3989 4434 6914 6915 6916
1652 3442 4485 3894 5731 6921 6922
1653 3344 4264 3794 6923 6924 6925
1656 3454 4043 5281 6931 6104 6932
1660 4520 4852 5687 5835 6938 6939
1663 3506 4156 4638 6946 6947 5828
1664 3561 4366 4133 6948 6949 6950
1666 3416 4631 4109 6600 6953 6954
1667 3500 4473 4134 6955 6956 6957
1668 552 553 4067 586 6958 6959
1669 3982 4691 5626 6558 6960 6961
1673 667 668 4501 731 6158 6968
1678 3288 4029 4157 6979 6497 6980
1680 626 627 4353 660 6984 6437
1681 3633 4433 4030 6985 6986 6987
1683 4750 3670 5256 6990 6991 6992
1684 3379 4003 5332 6993 6994 5989
1689 3429 4811 3988 7003 7004 5977
1693 550 551 4090 584 7010 7011
1695 3580 4582 4103 7014 7015 5921
1696 3368 4779 4174 7016 7017 6288
1697 3723 4198 4441 7018 7019 6595
1699 3344 3794 5453 6925 7022 7023
1700 3331 4292 3966 7024 6675 7025
1705 3299 4020 4259 7036 7037 7038
1711 3530 4030 4705 7048 7049 7050
1712 3500 4221 4473 7051 7052 6955
1713 3218 4188 4363 6757 7053 7054
1715 5154 5649 3428 6139 7057 7058
1716 3638 4125 4438 7059 7060 7061
1717 3743 4062 5649 7062 7063 7064
1718 3504 4364 4176 7065 6335 6466
1722 3357 4434 3989 7074 6915 6889
1729 3504 3835 4364 7089 7090 7065
1730 3355 3927 4740 6057 7091 6570
1735 3625 4648 4619 7100 6776 7101
1736 4133 4366 5539 6949 7102 7103
1742 3592 3894 4485 7117 6921 6643
1744 3581 4406 4297 7121 6081 7122
1745 3543 4025 4599 7123 7124 7125
1754 3886 5339 4518 7145 7146 6071
1755 3240 3932 4408 5858 7147 7148
1756 461 462 4083 525 7149 7150
1757 3479 4972 5154 6241 7151 7152
1760 3709 4498 4673 7156 7157 7158
1761 4748 4638 5380 5829 7159 7160
1766 672 673 4332 736 6588 7172
1772 3549 4362 3843 7183 7184 7185
1773 3213 4147 5187 7186 7187 7188
1777 3535 4377 4072 7194 7195 6884
1778 4111 4839 5708 6352 5842 7196
1779 3611 3914 4412 6179 7197 6469
1781 3751 5007 4282 7200 7201 7202
1784 3889 4297 5684 6409 7206 7207
1785 3223 4166 4119 7208 7209 6592
1797 3992 4623 4358 7235 7236 7237
1798 670 671 4075 734 7238 6030
1801 3308 4812 3998 7242 7243 7244
1804 4020 5628 4259 7250 6502 7037
1806 3794 4834 5453 6327 7252 7022
1807 3322 4641 5563 7253 6728 7254
1810 3349 4622 4021 7260 7261 6551
1814 615 616 4370 649 7268 7269
1817 3225 5422 4388 7275 7276 7277
1820 3415 5207 4352 7284 7285 6088
1824 3566 4453 4851 7293 7294 6625
1833 3327 4317 4738 7305 7306 7307
1837 3668 5446 4286 7315 7316 7317
1838 3590 4062 4667 6665 7318 7319
1839 3232 4084 4431 7320 6607 7321
1840 3408 5389 4029 7322 5981 7323
1841 3433 4247 5270 7324 6316 7325
1843 628 629 4096 662 7328 7329
1844 3563 4396 3754 5719 7330 6784
1845 3310 4691 3592 7331 6557 6642
1848 3562 4541 4119 5957 7337 7338
1849 536 537 4091 570 7339 6276
1850 3500 4134 4841 6957 7340 7341
1851 3482 4323 4091 7342 6277 6167
1855 3701 4623 3928 7349 7350 5868
1856 3308 3998 4704 7244 7351 7352
1857 3754 4396 3998 7330 6144 7353
1858 3826 4475 3899 7354 7355 6417
1860 618 4861 4626 7359 7360 7361
1861 3267 4206 3856 7362 7363 6164
1862 3590 4667 4528 7319 7364 7365
1863 3706 4243 5521 6347 7366 7367
1865 3433 5370 4015 7369 7370 7371
1869 3268 4266 3989 7379 6890 7380
1871 3233 4311 5410 7383 7384 7385
1873 464 4845 4851 7389 7390 7391
1874 3241 4235 3763 7392 7393 7394
1875 854 4089 4652 7395 7396 7397
1877 3723 5061 4198 7399 7400 7018
1881 3517 4095 4579 7407 7408 7409
1883 3657 4090 4834 7413 6734 7414
1888 3473 3997 4452 7422 7423 7424
1893 850 4392 3941 7433 7434 7435
1900 3541 4389 5141 7448 7449 7450
1903 3563 4388 3924 7456 7457 6242
1905 3517 4579 4397 7409 7460 7461
1911 3604 4545 4744 7473 7474 7475
1912 3920 5563 4744 7476 7477 7478
1918 3506 3870 4413 7489 7490 7491
1926 3581 4673 4498 7507 7157 7508
1927 3505 4710 3905 7509 7510 7511
1928 3405 4125 5196 7512 7513 7514
1929 3208 4362 4858 5838 7515 7516
1930 3972 5339 4230 7517 7518 7519
1931 3403 5339 3972 7520 7517 7521
1939 3627 3856 5237 6287 7540 7541
1942 3429 5139 4004 5979 7546 7547
1954 617 618 4626 651 7361 7571
1957 3680 4599 4638 7577 7578 7579
1958 3314 5074 4791 7580 7581 7582
1964 3331 3966 4329 7025 7595 7596
1965 3962 5571 4802 7597 7598 7599
1966 3289 4205 4998 7600 7601 7602
1967 3561 5417 3769 7603 7604 7605
1968 3505 4948 4171 7606 7607 7608
1970 3541 5141 4210 7450 7611 7612
1973 3611 4605 3799 7617 7618 7619
1974 3670 4093 5256 7620 7621 6991
1976 3649 4004 4253 7625 7626 7627
1983 3234 3962 4802 7642 7599 7643
1986 3205 4239 3931 7649 7650 5859
1987 3932 4084 5486 5883 7651 7652
1990 3543 4599 4178 7125 7659 7660
1996 619 620 4413 653 7672 7673
1997 3321 4703 4037 7674 6268 7675
1998 3844 4570 4690 7676 7677 7678
2000 3379 4218 4856 7682 7683 7684
2001 3360 3947 4696 7685 7686 7687
2004 3549 3843 4521 7185 7693 5818
2007 3595 4484 4732 6436 7698 6690
2009 3867 5196 4125 7701 7513 6608
2010 3824 4598 4352 7702 6561 7703
2011 3715 4327 5034 7704 7705 6772
2014 3530 4705 4241 7050 7710 7711
2019 3358 3933 4541 7719 7720 7721
2022 3680 4638 4156 7579 6947 7726
2029 854 855 4089 888 7737 7395
2032 3426 4829 3849 7742 7743 7744
2034 3577 4054 4780 7748 7749 7750
2042 3482 3920 4323 7765 7766 7342
2044 3825 5187 4147 7769 7187 7770
2049 3988 5538 5139 5728 7779 5978
2051 3577 5691 4054 7782 7783 7748
2052 3249 3783 4584 6292 7784 7785
2053 3498 4013 5099 7786 7787 6563
2056 4026 5650 5671 7791 7792 7793
2057 3778 4464 5338 7794 7795 7796
2061 3521 4504 4216 6015 7804 7805
2062 3984 4889 4696 7806 7807 7808
2064 548 549 4134 582 7811 7812
2065 620 4156 4413 7813 7814 7672
2066 3672 3789 4870 6201 7815 7816
2067 3783 4580 4209 6291 6440 7817
2068 3471 5678 4444 7818 7819 6622
2069 3647 4475 4347 7820 7821 7822
2072 604 605 4158 638 7826 7827
2073 3479 4446 5201 6455 7828 7829
2074 3780 4117 4740 7830 6571 7831
2075 4004 5139 4253 7546 7832 7626
2084 3225 4078 5422 7851 7852 7275
2089 3482 4340 4683 7864 7865 7866
2090 3449 4867 4506 7867 7868 7869
2091 3534 3748 4866 7870 7871 7872
2092 3215 4398 3769 7873 7874 6881
2093 3414 4225 4131 7875 7876 7877
2097 3467 4661 4645 6567 7884 7885
2099 680 681 4143 744 7888 7889
2100 3355 5569 4506 7890 7891 6055
2102 3837 4522 5367 7893 7894 7895
2103 4570 3283 4690 7896 6835 7677
2104 3534 4318 3748 7897 7898 7870
2105 615 4370 5534 7269 7899 7900
2110 3633 4030 5085 6987 7908 7909
2114 3214 3906 5289 7917 7918 7919
2116 3456 4652 4089 7921 7396 7922
2118 620 621 4156 654 7926 7813
2124 3249 5014 3776 7940 7941 6318
2125 678 4665 4899 7942 7943 7944
2127 3465 4623 3992 7947 7235 7948
2128 4020 4601 4918 7949 7950 7951
2129 3477 3839 4456 5887 7952 6659
2130 3234 4013 4742 5893 7953 7954
2131 3492 4347 4475 7955 7821 7956
2132 3428 4136 5154 6295 7957 7058
2142 3429 4004 4543 7547 7975 7976
2150 3604 4744 5563 7475 7477 6727
2152 3702 4506 5569 7992 7891 7993
2153 3468 4090 5662 6735 7994 7995
2155 3657 4841 4134 7997 7340 7998
2156 3440 4054 5539 7999 6604 8000
2158 3429 4543 3871 7976 8004 8005
2160 3577 4600 5173 8008 8009 8010
2161 4696 4889 3646 7807 8011 8012
2162 5059 4206 3267 6700 7362 8013
2168 3473 4756 3997 8023 8024 7422
2171 4066 4444 5678 8028 7819 8029
2173 5660 4009 4311 8032 8033 8034
2174 3433 4015 5075 7371 8035 8036
2175 3789 5309 4870 8037 8038 7815
2176 3649 4791 4004 8039 8040 7625
2178 3237 4270 4271 8043 8044 8045
2183 3291 5684 4297 8056 7206 6080
2184 3680 4178 4599 8057 7659 7577
2186 3543 4662 4025 8060 6723 7123
2190 3539 4322 4532 8066 8067 8068
2193 3687 4330 4046 8073 6472 8074
2194 3560 4434 4897 8075 8076 8077
2199 3792 5605 4206 8087 6832 6699
2203 3851 4998 4205 8094 7601 8095
2204 3388 5367 4522 8096 7894 8097
2205 3665 4826 3906 8098 8099 6372
2211 4377 4992 5367 8109 8110 8111
2212 4362 5298 4858 8112 8113 7515
2214 3682 5090 4123 8116 8117 8118
2217 7 666 5180 729 8123 8124
2220 4072 5144 4497 8129 8130 6885
2226 3530 5085 4030 8141 7908 7048
2227 3843 5128 4521 8142 8143 7693
2228 3674 4062 4760 8144 6664 8145
2229 3573 4489 4286 8146 8147 8148
2237 3289 4037 4351 8163 6524 8164
2241 3387 4644 3989 8170 8171 6914
2245 3441 3805 5699 5711 8174 8175
2246 5 532 4203 565 8176 8177
2248 3278 4307 3977 8180 6629 8181
2254 3782 4501 4898 8194 6157 8195
2258 3500 4841 4157 7341 8201 6496
2267 3520 4078 4619 8217 8218 6775
2268 3690 3966 4660 8219 6376 8220
2273 3322 4099 4641 6875 8228 7253
2275 3603 4520 4509 8232 8233 8234
2276 3257 4723 3794 8235 8236 8237
2277 4004 5074 4543 8238 8239 7975
2278 3498 4190 4465 8240 8241 8242
2279 3576 4095 4236 8243 6092 8244
2281 3330 4986 4117 8247 6840 8248
2283 622 623 4178 656 8251 8252
2284 3670 5340 4152 8253 8254 8255
2285 3505 3905 4948 7511 8256 7606
2286 3651 5533 5204 8257 8258 8259
2287 4270 5436 4271 8260 8261 8044
2288 3280 5504 4101 8262 8263 8264
2293 3709 4673 4046 7158 6433 8273
2298 3280 3957 4150 8278 6314 8279
2299 3498 4820 4190 8280 8281 8240
2301 467 5552 4358 8284 8285 8286
2303 3777 5144 4072 8290 8129 6074
2304 3283 4570 4729 7896 8291 8292
2305 3262 4529 4191 8293 8294 8295
2307 3962 5168 5571 8298 8299 7597
2308 3851 4205 4479 8095 6330 8300
2309 3824 4352 5207 7703 7285 8301
2311 3484 4916 4124 7665 8304 8305
2312 3357 4266 5308 6891 8306 6585
2313 3679 4363 4188 8307 7053 8308
2317 3498 3900 4820 6565 8316 8280
2323 3531 4678 4346 8327 8328 6343
2326 3375 4239 4297 8333 8334 6408
2330 4004 4791 5074 8040 7581 8238
2334 853 4652 3938 8346 8347 8348
2335 3506 4413 4156 7491 7814 6946
2336 678 679 4665 742 8349 7942
2337 3390 4840 4094 8350 8351 8352
2339 3528 4578 4105 8356 8357 8358
2340 3743 5649 4346 7064 8359 8360
2343 557 4293 3982 8366 8367 6083
2345 3358 4541 4505 7721 5956 8371
2346 3223 4061 4661 6594 8372 8373
2348 3480 3937 4914 8376 8377 8378
2352 3433 4392 5370 8387 8388 7369
2355 3282 4852 4026 8390 8391 8392
2356 3300 4136 4132 8393 6294 8394
2357 3465 4837 4623 8395 8396 7947
2361 3543 4178 4847 7660 8404 8405
2364 3280 4101 5354 8264 8407 8408
2371 3426 3849 4517 7744 8420 8421
2372 3518 4282 5007 8422 7201 8423
2373 3571 4802 5571 8424 7598 8425
2374 3236 3960 4972 6325 8426 5862
2375 4013 4412 5330 5892 8427 8428
2382 546 547 4221 580 8445 8446
2385 3807 4043 4777 6105 8452 8453
2386 3218 4103 4582 8454 7015 8455
2387 3207 4131 4225 8456 7876 8457
2388 3215 4371 4123 8458 8459 8460
2396 3403 5511 4518 8472 8473 8474
2397 3263 5029 5326 8475 8476 8477
2398 3473 3932 5486 8478 7652 8479
2401 3414 4600 4225 8484 8485 7875
2402 3211 4819 4278 8486 6801 8487
2403 3268 4678 4266 8488 8489 7379
2404 3742 5429 4661 8490 8491 6193
2405 3379 3758 4728 5991 8492 8493
2408 4078 5377 4634 8498 8499 8500
2410 3984 3988 5663 5729 8503 8504
2411 3218 5619 3933 8505 8506 6755
2412 3428 5649 4062 7057 7063 8507
2414 3755 4340 4407 8511 6861 8512
2415 3257 3794 4264 8237 6924 8513
2417 3330 3977 4456 8517 6660 8518
2419 3241 4724 4968 8521 8522 8523
2422 5449 3348 4599 8527 8528 8529
2427 3400 3654 5350 6380 8537 8538
2429 3215 5130 4371 6883 8541 8458
2431 3504 5043 3835 8544 8545 7089
2433 562 4425 4051 8547 8548 6449
2435 3539 4532 4313 8068 8550 8551
2437 3517 4094 4095 8555 5816 7407
2440 559 560 4163 593 8560 8561
2443 3751 5592 5063 8567 8568 8569
2444 3440 4780 4054 8570 7749 7999
2446 3310 4485 3957 6644 6313 8573
2450 3493 4119 4541 6797 7337 8578
2455 3368 5168 3962 6289 8298 8588
2457 4601 3463 4918 8590 8591 7950
2458 3611 3799 4749 7619 8592 6177
2460 3960 4346 5649 6324 8359 6138
2462 3283 4729 3951 8292 8597 5783
2466 3237 4992 4377 8605 8109 8606
2468 464 465 4845 528 8608 7389
2475 3640 4630 4404 8618 8619 8620
2476 3288 4479 4029 8621 8622 6979
2478 3651 4572 5533 8624 8625 8257
2480 3292 4466 4021 8627 6552 8628
2484 3577 5173 4349 8010 8635 8636
2494 3889 5288 4908 8655 8656 5962
2496 3223 4901 4166 8657 8658 7208
2498 3257 4718 4277 8662 8663 8664
2499 3505 4171 4736 7608 8665 8666
2504 674 4777 4043 8675 8452 6447
2506 3362 5167 4147 8677 8678 8679
2510 3668 5323 5446 8685 8686 7315
2512 3610 4728 5066 8689 8690 8691
2521 3679 4188 4736 8308 8707 8708
2525 3611 4802 4228 6471 8714 8715
2528 466 467 4358 530 8286 8720
2533 3849 4876 4517 8728 8729 8420
2534 3327 4738 4366 7307 8730 8731
2537 3318 4637 5081 6142 8737 8738
2539 3415 3772 4561 6090 8740 8741
2540 3670 4720 5340 8742 8743 8253
2545 3415 4527 5207 8751 8752 7284
2547 3638 5348 4125 8754 8755 7059
2549 3527 4097 4056 6368 8757 8758
2551 3240 4347 5375 8760 8761 8762
2552 3318 5081 4400 8738 8763 8764
2553 3676 3986 4634 8765 6744 8766
2558 3633 4348 3945 8772 8773 8774
2562 4099 4781 5171 6874 8781 8782
2568 3634 4030 4433 8791 6986 8792
2569 3751 5389 5007 8793 8794 7200
2570 3217 4512 4591 8795 8796 8797
2573 3379 5160 4218 8800 8801 7682
2575 3234 4802 4412 7643 6470 5891
2576 3598 3851 5152 8804 8805 8806
2578 3370 4206 4152 8809 6831 8810
2580 3566 4292 4504 8813 8814 6162
2581 3233 4705 4030 8815 7049 8816
2583 3803 4054 4401 6605 8819 8820
2584 3205 5258 4046 8821 8822 6432
2585 3406 5218 4441 8823 6596 8824
2590 4009 5410 4311 8834 7384 8033
2594 3743 4667 4062 8840 7318 7062
2598 3272 5338 4464 8846 7795 8847
2599 3465 4641 4099 8848 8228 8849
2600 3992 4358 5552 7237 8285 8850
2602 3416 4756 3831 8853 8854 6598
2603 3789 4874 5050 6200 8855 8856
2604 3214 5289 4109 7919 8857 8858
2611 3559 4818 4218 8869 8870 8871
2618 3463 5669 4109 8883 8884 8885
2619 3927 4506 4867 6056 7868 8886
2620 4319 5371 4828 8887 8888 8889
2627 3561 4133 5417 6950 8904 7603
2628 3278 3977 4348 8181 8905 8906
2631 3641 4270 4208 8909 8910 8911
2632 3566 3888 5146 6627 8912 8913
2633 3297 5448 3800 8914 8915 6808
2634 3682 4123 5527 8118 8916 8917
2637 3513 3854 4809 6227 8922 8923
2638 3357 4897 4434 6402 8076 7074
2640 3598 4590 4243 8925 8926 8927
2641 3223 5429 4901 8928 8929 8657
2642 3449 4891 4867 8930 8931 7867
2643 5401 3403 3972 8932 7521 8933
2646 3343 4171 4909 8937 8938 8939
2649 3480 4914 4048 8378 8944 8945
2650 3595 3878 5142 6692 8946 8947
2651 3456 4089 4943 7922 8948 8949
2653 3664 4526 4591 8952 8953 8954
2656 3598 4998 3851 8959 8094 8804
2662 599 600 4219 633 8969 8970
2664 3511 4009 5660 8972 8032 8973
2667 3534 4866 3942 7872 8978 8979
2672 3211 5283 4124 8989 8990 8991
2673 4025 5449 4599 5718 8529 7124
2674 3414 4131 5275 7877 8992 8993
2675 544 545 4261 578 8994 8995
2676 3282 4026 5671 8392 7793 8996
2678 3349 4668 4518 8999 6429 9000
2683 3347 3794 4723 6328 8236 9010
2694 3233 4174 4311 9028 9029 7383
2695 3222 4452 3997 9030 7423 9031
2700 3281 4521 5128 9038 8143 9039
2702 4724 5319 4968 9040 9041 8522
2703 3698 4901 5429 9042 8929 9043
2705 6 4227 564 9045 9046 598
2706 3933 5619 4541 8506 9047 7720
2708 3480 4048 4247 8945 9051 9052
2710 3659 5135 4176 9055 9056 6334
2711 3282 5424 4852 5788 9057 8390
2712 3734 4993 4029 9058 9059 5980
2713 3205 4673 4239 6434 9060 7649
2717 3664 4591 4512 8954 8796 9070
2720 676 677 4320 740 9076 9077
2721 3687 4046 5258 8074 8822 9078
2722 3621 3926 4577 9079 9080 9081
2724 3225 4619 4078 9083 8218 7851
2731 3410 4166 4901 6172 8658 9094
2734 3571 4404 4630 9098 8619 9099
2735 3210 5394 5439 9100 9101 9102
2736 3415 4338 4527 9103 9104 8751
2741 3500 4993 4221 9113 9114 7051
2742 3561 3769 4398 7605 7874 9115
2743 3715 4783 4327 9116 9117 7704
2744 4214 4918 4631 9118 9119 9120
2746 556 3982 4360 6084 9123 9124
2748 3343 4736 4171 9126 8665 8937
2751 3559 4319 4818 6222 9131 8869
2756 3429 3871 4811 8005 9139 7003
2758 3210 4319 4828 9141 8889 9142
2759 3252 4176 5135 9143 9056 9144
2761 3547 4201 4832 9147 9148 9149
2763 3563 4911 4105 6786 9152 9153
2767 3531 3975 4570 6344 9161 9162
2769 3747 5173 5275 9165 9166 9167
2771 3467 4271 5436 9170 8261 9171
2772 3575 5606 4567 9172 9173 9174
2773 3479 5596 3867 9175 9176 6239
2774 4061 4645 4661 9177 7884 8372
2775 3257 5174 4723 9178 9179 8235
2778 3702 5569 4842 7993 9184 9185
2781 3993 5375 4347 9191 8761 9192
2784 3360 5188 3947 6339 9196 7685
2785 3410 5390 4097 9197 9198 6170
2786 5626 3448 4000 9199 9200 9201
2793 3348 4638 4599 9217 7578 8528
2794 3942 4908 5288 9218 8656 9219
2801 562 563 4425 596 9229 8547
2807 3595 4986 3839 6841 9239 6252
2812 539 4444 4066 9247 8028 6853
2814 3754 3998 4812 7353 7243 9249
2816 3492 4724 4699 9251 9252 9253
2817 3492 4699 3993 9253 9254 9255
2819 5600 3396 5034 9257 9258 9259
2821 3281 3934 5314 9262 9263 9264
2822 3482 4683 3920 7866 9265 7765
2824 3927 5525 4740 9268 9269 7091
2825 3517 4975 4094 9270 9271 8555
2826 3347 4157 4841 9272 8201 9273
2827 3506 5475 3870 9274 9275 7489
2828 3211 4124 4916 8991 8304 8955
2831 3634 5640 3961 9280 9281 9282
2835 3467 5436 4277 9171 9290 6566
2836 4870 5309 5481 8038 9291 9292
2839 850 851 4392 884 9296 7433
2846 3521 4436 4083 9309 9310 6013
2847 3419 5262 3924 9311 9312 9313
2850 3280 4150 5504 8279 9317 8262
2856 3664 4512 4876 9070 9324 9325
2858 3928 4623 4837 7350 8396 9328
2859 3892 5340 4720 9329 8743 9330
2863 3547 4591 4526 9337 8953 9338
2864 3419 3924 5422 9313 9339 9340
2865 606 607 4267 640 9341 9342
2867 3707 4389 4637 9344 9345 5845
2868 3571 5571 4404 8425 9346 9098
2872 3878 4842 5569 9350 9184 9351
2874 461 4083 4436 7150 9310 9354
2876 3751 4282 5592 7202 9357 8567
2878 3884 4723 5174 9360 9179 9361
2879 3318 5407 4462 9362 9363 6141
2884 453 454 4313 517 9368 9369
2888 3291 4406 4427 6082 9373 9374
2889 3277 4364 5013 9375 9376 9377
2890 3539 4839 4322 5843 9378 8066
2896 3621 4654 3926 9389 9390 9079
2897 553 4376 4067 9391 9392 6958
2901 3233 4969 4174 9397 9398 9028
2905 3216 3900 4568 9404 9405 6369
2906 3795 4241 4705 9406 7710 9407
2915 551 4437 4090 9425 9426 7010
2918 3392 4319 4956 9432 6221 9433
2919 3904 5222 4505 9434 9435 9436
2920 3289 4243 5077 9437 6346 9438
2921 3463 4109 4631 8885 6953 9439
2924 3289 4998 4243 7602 9444 9437
2925 3562 4077 4505 5948 9445 5955
2927 3547 4832 4304 9149 9448 9449
2929 3722 4722 4397 9452 9453 9454
2930 3562 4119 4166 7338 7209 6576
2935 3442 4163 3796 9463 9464 9465
2936 3638 4877 3951 9466 9467 9468
2938 3428 5383 4132 9470 9471 6293
2940 3249 4584 5300 7785 9474 9475
2941 5691 4917 3214 9476 9477 9478
2942 3687 5391 4330 9479 9480 8073
2945 3527 5176 4077 9485 9486 6367
2946 538 4066 4454 6854 9487 9488
2947 3530 4241 4584 7711 9489 9490
2948 3331 4504 4292 9491 8814 7024
2949 4125 5251 4438 9492 9493 7060
2950 601 602 4230 635 9494 9495
2951 3520 5377 4078 9496 8498 8217
2952 4048 5439 5394 9497 9101 9498
2954 3214 4109 4401 8858 9501 9502
2957 3242 4539 4010 9507 9508 9509
2958 3318 4400 4160 8764 9510 9511
2959 3505 4736 4188 8666 8707 9512
2962 3292 4021 4557 8628 9518 9519
2968 3321 4037 5522 7675 9530 9531
2970 3961 4404 5571 9535 9346 9536
2971 3587 4174 4779 9537 7017 9538
2973 3262 4191 4879 8295 9540 9541
2974 3800 4738 4317 9542 7306 6359
2976 3333 4465 4190 9545 8241 9546
2977 462 4453 4083 9547 9548 7149
2983 3214 4917 3906 9477 9557 7917
2984 3634 4174 4969 6116 9398 9558
2985 3595 5142 4117 8947 9559 6839
2986 3500 4029 4993 6498 9059 9113
2990 3289 5324 4205 9566 9567 7600
2992 3715 5298 4783 9569 9570 9116
2996 3331 5237 4216 9575 9576 9577
2998 3378 3928 4660 6822 9578 6375
2999 3477 3868 4267 9579 9580 5916
3000 613 614 4341 647 9581 9582
3002 3362 4147 5111 8679 9584 9585
3009 630 631 4339 664 9596 9597
3010 3331 4216 4504 9577 7804 9491
3011 3575 4416 4236 9598 9599 9600
3012 3278 5366 4307 9601 9602 8180
3014 3433 5075 4247 8036 9605 7324
3015 3505 5661 4710 9606 9607 7509
3016 3511 4259 4009 9608 9609 8972
3022 4056 4097 5390 8757 9198 9621
3023 3263 5326 4447 8477 9622 9623
3026 3746 5275 4131 9628 8992 9629
3031 3837 4103 4522 5922 9636 7893
3032 557 558 4293 591 9637 8366
3034 4218 5473 4856 9640 9641 7683
3035 3758 5066 4728 9642 8690 8492
3036 3575 4236 5606 9600 6091 9172
3043 604 4158 4615 7827 9656 9657
3047 3275 4605 4228 9663 9664 9665
3048 3702 4842 4925 9185 9666 9667
3049 3739 5354 4101 9668 8407 9669
3050 3440 5539 4366 8000 7102 9670
3054 3267 4817 4911 6166 9676 9677
3056 3641 4277 5436 9679 9290 9680
3057 4075 5516 4244 9681 9682 6031
3059 561 4051 5064 6450 9686 9687
3062 3722 4895 4722 9691 9692 9452
3067 3674 4132 5383 9700 9471 9701
3069 628 4096 4900 7329 9702 9703
3070 542 5592 4915 9704 9705 9706
3074 3370 4152 5340 8810 8254 9713
3077 3308 5708 3963 9716 9717 9718
3083 537 4454 4091 9730 9731 7339
3084 3821 5283 4597 9732 9733 9734
3088 3387 4649 3857 9740 9741 9742
3089 629 4487 4096 9743 9744 7328
3094 3530 4584 4211 9490 9754 9755
3095 3278 4211 5437 9756 9757 9758
3096 3573 4286 4431 8148 9759 9760
3097 3241 4477 4235 9761 9762 7392
3101 3961 5571 5168 9536 8299 9767
3102 3641 5112 3884 9768 9769 9770
3104 666 4210 5180 9773 9774 8123
3107 3275 4228 4630 9665 9777 9778
3108 3465 4099 4837 8849 9779 8395
3109 3403 5150 5511 9780 9781 8472
3111 3441 4574 3963 9784 9785 5747
3112 4340 5461 4683 9786 9787 7865
3114 3406 4517 4876 9790 8729 9791
3117 3362 5111 4786 9585 6713 9793
3118 3396 5101 5034 9794 6773 9258
3119 3232 5446 4214 9795 9796 9797
3122 3314 4509 4520 9802 8233 9803
3126 3550 4219 3886 9809 9810 6070
3129 3466 5543 4400 9814 9815 6803
3130 4509 4791 5543 9816 9817 9818
3132 3531 4266 4678 9820 8489 8327
3133 3748 4123 5090 9821 8117 9822
3140 3576 4579 4095 9833 7408 8243
3141 3551 4900 4096 9834 9702 9835
3142 4199 5671 5650 9836 7792 9837
3144 3442 4815 4150 9840 9841 5732
3146 550 4090 4614 7011 9842 9843
3149 3291 5195 4527 9849 9850 9851
3153 3536 4513 4708 9858 9859 5796
3154 4278 4597 5283 9860 9733 9861
3155 3871 4654 5040 5821 9862 9863
3157 3216 5050 4874 6371 8855 9867
3158 3442 3894 4163 6922 9868 9463
3159 3783 4211 4584 9869 9754 7784
3162 3763 4699 4724 9874 9252 9875
3163 3314 4791 4509 7582 9816 9802
3165 3772 4352 5593 6089 9878 9879
3169 4090 4437 5662 9426 9886 7994
3176 3241 3763 4724 7394 9875 8521
3180 3598 4208 5388 9903 9904 9905
3185 3670 4750 4720 6990 9914 8742
3188 3657 4834 4841 7414 9920 7997
3190 3730 4909 4171 9923 8938 9924
3194 552 4067 4437 6959 9931 9932
3196 3621 5040 4654 9934 9862 9389
3197 3390 4094 4975 8352 9271 9935
3201 671 4831 4075 9941 9942 7238
3203 3416 4109 5289 6954 8857 9945
3206 3281 4895 4521 9949 9950 9038
3208 3358 4710 3933 9953 9954 7719
3209 3743 4346 4678 8360 8328 9955
3211 3535 5521 4243 9957 7366 9958
3214 3232 4214 5093 9797 9964 9965
3215 3837 5367 4992 7895 8110 6863
3216 3587 5527 4371 9966 9967 9968
3218 3924 4388 5422 7457 7276 9339
3219 4201 5033 5520 9971 9972 9973
3220 3975 4729 4570 9974 8291 9161
3221 3327 4598 4317 6562 9975 7305
3223 4201 3248 5385 9978 9979 9980
3226 3563 4105 4578 9153 8357 9983
3228 3668 4286 4489 7317 8147 9986
3230 3388 5159 4215 9989 9990 6657
3231 3479 5154 4136 7152 7957 6453
3232 3216 4820 3900 9991 8316 9404
3233 3379 4728 3970 8493 9992 9993
3234 3358 4505 5222 8371 9435 9994
3240 3461 4609 4690 10002 10003 10004
3243 5 4203 5552 8177 10007 10008
3244 3410 5344 3826 10009 10010 6416
3250 3270 4577 4374 10018 10019 7137
3253 3888 4851 4845 6626 7390 10023
3255 3292 5597 4466 10025 10026 8627
3256 3535 4243 4590 9958 8926 10027
3259 3471 3855 5286 6624 10031 10032
3262 3825 4147 5167 7770 8678 10038
3264 3563 4578 4388 9983 10040 7456
3265 3224 4587 4806 10041 10042 10043
3268 3416 3997 4756 10047 8024 8853
3269 3551 4096 4897 9835 10048 6478
3270 3408 5007 5389 10049 8794 7322
3275 549 4614 4134 10055 10056 7811
3278 3527 4056 4368 8758 10058 10059
3280 3482 4711 4340 6169 10061 7864
3287 3602 4718 4264 10072 10073 10074
3290 3223 4661 5429 8373 8491 8928
3291 3308 4111 5708 10077 7196 9716
3295 3559 4218 5160 8871 8801 10085
3297 3300 4446 4136 10088 6454 8393
3298 3904 5494 5608 10089 10090 10091
3299 3550 3820 4219 10092 10093 9809
3300 3783 5437 4211 10094 9757 9869
3303 541 542 4915 575 9706 10099
3308 853 854 4652 887 7397 8346
3309 850 3941 5403 7435 10107 10108
3310 4000 4360 5626 10109 10110 9201
3314 3571 4630 4228 9099 9777 10115
3316 3856 4216 5237 10118 9576 7540
3318 3762 4215 5159 10121 9990 10122
3319 3567 4703 4711 10123 10124 6223
3320 3236 4125 5348 5864 8755 6631
3329 3660 4225 4600 10141 8485 10142
3332 3672 4908 4978 10147 10148 10149
3333 3330 4117 5217 8248 10150 10151
3335 3408 4029 4479 7323 8622 6329
3336 3670 4152 5280 8255 10153 10154
3340 3262 4734 4529 10160 10161 8293
3343 3330 4960 3977 10165 10166 8517
3351 3821 4124 5283 10179 8990 9732
3352 3691 4218 4818 10180 8870 10181
3354 4109 5669 4401 8884 10184 9501
3355 4050 4867 4891 10185 8931 6636
3357 3341 5317 4259 10187 10188 6501
3359 609 610 4484 643 10191 10192
3360 3406 4441 4985 8824 10193 10194
3365 3480 5565 3937 10202 10203 8376
3368 3747 5275 4669 9167 10207 10208
3369 3291 4427 5195 9374 10209 9849
3371 3539 4313 5028 8551 10212 10213
3376 3638 3951 4729 9468 8597 10224
3378 3560 4897 4096 8077 10048 10227
3380 5520 3248 4201 10230 9978 9973
3384 3448 5528 4000 10236 10237 9200
3386 3213 5176 4147 10240 10241 7186
3387 3224 4806 4215 10043 10242 10243
3388 3647 4347 4408 7822 10244 10245
3391 3408 4205 5007 6331 10249 10049
3395 4208 4270 5388 8910 10254 9904
3397 3664 5065 4526 10256 10257 8952
3399 3214 4401 5691 9502 10259 9478
3405 5 5552 467 10008 8284 531
3406 3232 4431 4286 7321 9759 10268
3409 3581 4239 4673 10273 9060 7507
3413 4190 4820 4874 8281 10280 10281
3420 3207 4225 5606 8457 10288 5737
3423 3953 5534 4370 10290 7899 10291
3425 555 556 4360 589 9124 10295
3426 3905 5608 4542 10296 10297 10298
3427 3222 3997 4766 9031 10299 10300
3429 3654 4158 5350 10302 10303 8537
3431 3947 5119 4696 10305 10306 7686
3435 3205 3973 5258 6176 10308 8821
3436 5525 3640 4740 10309 10310 9269
3438 3299 4259 4688 7038 10314 10315
3443 3493 4541 5619 8578 9047 10326
3446 3262 4879 4021 9541 10329 10330
3447 621 4741 4156 10331 10332 7926
3448 3387 5141 4389 10333 7449 10334
3453 4250 5600 5034 10338 9259 10339
3455 3641 3884 5174 9770 9361 10340
3459 560 5064 4163 10348 10349 8560
3464 622 4178 4741 8252 10355 10356
3475 553 554 4376 587 10373 9391
3476 4048 5394 4247 9498 10374 9051
3477 3541 4210 5229 7612 10375 10376
3479 3581 4498 4406 7508 8345 7121
3480 3647 5228 4452 10380 10381 10382
3484 3773 5139 5538 10389 7779 10390
3488 3308 4574 4812 10394 10395 7242
3494 4013 5330 5099 8428 10406 7787
3498 3257 4264 4718 8513 10073 8662
3500 4009 4259 5317 9609 10188 10413
3501 3782 4898 4244 8195 10414 5931
3503 3547 5033 4201 10416 9971 9147
3507 548 4134 4473 7812 6956 10421
3508 3870 4861 4413 10422 10423 7490
3513 3521 4216 4936 7805 10429 10430
3518 3478 4304 4832 10440 9448 10441
3520 3566 5146 4292 8913 10443 8813
3524 3581 4297 4239 7122 8334 10273
3526 3812 4543 5074 10451 8239 10452
3531 3478 3984 5119 5814 10457 10458
3533 3299 4601 4020 10460 7949 7036
3540 3234 5634 3962 10471 10472 7642
3544 3289 5077 4037 9438 10478 8163
3545 3493 5399 4061 10479 10480 6796
3547 3654 4299 5401 6509 10483 10484
3548 4050 5641 4867 10485 10486 10185
3549 3343 5519 4736 10487 10488 9126
3554 3690 5326 5029 10494 8476 10495
3559 672 4332 4831 7172 10504 10505
3560 3560 4487 4339 10506 10507 10508
3569 605 5320 4158 10520 10521 7826
3570 3904 4646 5494 10522 10523 10089
3572 3870 4626 4861 10526 7360 10422
3574 3419 5422 4634 9340 10528 6743
3578 3368 3962 5529 8588 10532 10533
3581 3547 4304 4591 9449 10538 9337
3582 4061 5399 4645 10480 10539 9177
3583 3293 5121 4209 10540 10541 6439
3584 3777 4215 4806 6658 10242 6525
3588 3492 3993 4347 9255 9192 7955
3589 3762 5535 4215 10547 10548 10121
3594 3375 5481 4239 10554 10555 8333
3595 3683 4235 4477 10556 9762 10557
3598 3703 5106 5159 10560 10561 10562
3599 3414 5173 4600 10563 8009 8484
3600 3405 5099 5330 10564 10406 10565
3603 3821 4597 5296 9734 10570 10571
3606 3351 4946 4050 10576 10577 6635
3608 3742 4277 4718 6195 8663 10580
3618 3780 4740 5088 7831 10593 10594
3619 3577 4349 5691 8636 10595 7782
3622 3776 5014 4529 7941 10599 10600
3625 547 4473 4221 10604 7052 8445
3627 3281 5128 3934 9039 10606 9262
3633 3242 4010 4889 9509 10613 10614
3636 3913 5253 4849 10618 10619 10620
3637 3905 4542 4948 10298 10621 8256
3642 3942 4978 4908 10625 10148 9218
3643 3812 4852 5424 10626 9057 10627
3645 3854 4899 4665 6533 7943 10630
3646 3292 5219 5136 10631 10632 10633
3650 3773 4201 5385 10639 9980 10640
3653 3907 5207 4527 10645 8752 10646
3654 669 4244 4898 6143 10414 10647
3655 460 461 4436 524 9354 10648
3657 3268 4667 4678 10649 10650 8488
3659 3690 5029 3966 10495 10653 8219
3660 532 4545 4203 10654 10655 8176
3663 3674 5033 4132 10659 10660 9700
3667 3498 5581 4013 10665 10666 7786
3668 603 604 4615 637 9657 10667
3679 3240 4408 4347 7148 10244 8760
3680 3946 5000 5519 10683 10684 10685
3681 4144 4462 5407 10686 9363 10687
3682 3310 5035 5587 10688 10689 10690
3687 3534 4338 4561 10696 10697 10698
3691 3262 4021 4622 10330 7261 10704
3692 601 4230 5564 9495 10705 10706
3698 3707 4462 4528 5847 10714 10715
3705 3561 5011 4366 10725 10726 6948
3708 3310 3957 5035 8573 10731 10688
3709 3777 4176 5144 6526 10732 8290
3713 607 608 4390 641 10737 10738
3719 3466 4244 5516 5932 9682 10745
3721 4171 4948 5510 7607 10747 10748
3722 3534 3942 5288 8979 9219 10749
3725 3543 4847 4337 8405 10751 10752
3727 3931 4239 5481 7650 10555 10754
3729 3598 4243 4998 8927 9444 8959
3731 539 540 4444 573 10757 9247
3732 563 5352 4425 10758 10759 9229
3735 3242 4811 5040 10764 10765 10766
3736 4330 5391 5265 9480 10767 10768
3739 3599 4359 5001 10771 10772 6851
3740 3618 5372 4051 10773 10774 10775
3742 623 4847 4178 10777 8404 8251
3744 3592 4293 3894 10780 10781 7117
3748 3278 5293 4211 10786 10787 9756
3749 3590 4462 4144 10788 10686 10789
3753 3683 4477 4752 10557 10796 10797
3755 3966 5029 4329 10653 10799 7595
3756 3377 5595 4809 10800 10801 10802
3758 3379 4856 4003 7684 10805 6993
3764 3528 4105 5574 8358 10813 10814
3767 3960 5154 4972 6140 7151 8426
3770 3252 5144 4176 10822 10732 9143
3771 3856 4206 5633 7363 10823 10824
3774 3788 5050 5201 10826 6581 10827
3776 3904 4505 5103 9436 10828 10829
3778 3660 4567 4225 10831 10832 10141
3779 3758 5332 4372 5990 10833 10834
3781 3870 5137 4626 10836 10837 10526
3784 3611 4228 4605 8715 9664 7617
3786 3746 4131 4840 9629 10842 10843
3787 3800 5448 4624 8915 10844 10845
3790 3634 3961 5168 9282 9767 6114
3791 3691 5473 4218 10850 9640 10180
3792 3317 4441 4198 10851 7019 10852
3795 3387 3857 5141 9742 10854 10333
3796 551 552 4437 585 9932 9425
3797 3473 5228 3932 10855 10856 8478
3802 676 4320 4496 9077 10862 10863
3804 3598 5152 4208 8806 10866 9903
3806 3646 4889 4010 8011 10613 8704
3808 3660 4421 4567 10870 10871 10831
3810 4329 5029 5267 10799 10873 10874
3811 3843 4362 4880 7184 5771 10875
3815 4241 5300 4584 10878 9474 9489
3816 3504 4806 4587 6468 10042 10879
3819 462 463 4453 526 10883 9547
3821 3622 4626 5137 10887 10837 6870
3828 537 538 4454 571 9488 9730
3833 3308 3963 4574 9718 9785 10394
3834 853 3938 5104 8348 10901 10902
3836 3812 5687 4852 10905 6938 10626
3837 3388 4072 5367 6075 10906 8096
3838 3633 5293 4348 10907 10908 8772
3841 680 4143 5024 7889 10911 10912
3843 599 4219 5255 8970 10914 10915
3847 4160 4400 5543 9510 9815 10922
3851 3467 4645 4271 7885 10929 9170
3852 3864 4521 4895 6130 9950 10930
3854 3242 5663 4811 10932 10933 10764
3856 3416 4826 3997 10935 10936 10047
3859 3776 4529 4734 10600 10161 10940
3866 3257 4277 5174 8664 10946 9178
3868 4043 5297 4332 10950 10951 6587
3870 3835 5013 4364 10953 9376 7090
3871 3517 5314 4975 10954 10955 9270
3874 3792 4812 4574 10959 10395 10960
3875 3773 4832 4201 10961 9148 10639
3877 3633 3945 5123 8774 10962 10963
3881 3592 3982 4293 6559 8367 10780
3883 3457 4542 5608 10968 10297 10969
3887 549 550 4614 583 9843 10055
3891 3762 4223 5535 10977 10978 10547
3894 606 4267 5320 9342 10983 10984
3898 3622 4370 5209 10990 10991 10992
3902 3210 4818 4319 10998 9131 9141
3903 3263 5066 4372 10999 11000 11001
3906 3826 5319 4475 11005 11006 7354
3909 3463 4631 4918 9439 9119 8591
3910 4101 5136 5219 11010 10632 11011
3913 546 4221 4971 8446 11014 11015
3914 3528 4372 5332 11016 10833 11017
3915 3448 5055 4513 11018 11019 11020
3916 3520 4597 4278 11021 9860 11022
3919 4021 4879 4557 10329 11025 9518
3920 4191 4529 5363 8294 11026 11027
3921 677 4899 4320 11028 6532 9076
3925 3252 5078 4497 11031 11032 11033
3930 629 630 4487 663 11039 9743
3933 3850 5150 5169 11043 11044 11045
3935 3715 4858 5298 11048 8113 9569
3940 3933 5661 4188 11056 11057 6756
3941 4512 5218 4876 11058 11059 9324
3943 3321 4340 4711 6862 10061 11061
3945 671 672 4831 735 10505 9941
3946 4016 4353 5299 6438 11063 11064
3951 3649 4144 5407 11074 10687 11075
3954 607 4390 4267 10738 5917 9341
3955 3393 4668 4466 11080 11081 11082
3956 532 533 4545 566 11083 10654
3961 624 4337 4847 6872 10751 11089
3968 3344 4752 4264 11097 11098 6923
3974 3560 4339 4649 10508 11107 11108
3978 547 548 4473 581 10421 10604
3982 3454 5297 4043 11119 10950 6931
3984 3559 5160 5465 10085 11122 11123
3985 3603 4075 4831 11124 9942 11125
3988 3946 5371 5000 11128 11129 10683
3989 3690 4660 5053 8220 11130 11131
3991 3914 4749 5686 6178 11134 11135
3993 3599 4879 5409 11137 11138 11139
3994 5130 3511 5660 11140 8973 11141
3995 3580 4992 4271 6864 11142 11143
4001 3747 4669 4786 10208 11152 11153
4002 3973 4985 5258 11154 11155 10308
4003 3517 4397 4722 7461 9453 11156
4004 3406 4985 4517 10194 11157 9790
4006 3370 4936 4216 11159 10429 11160
4009 3300 4132 4526 8394 11164 11165
4010 3528 5242 4578 11166 11167 8356
4013 3535 4590 4377 10027 11171 7194
4015 3534 5288 4338 10749 11172 10696
4016 675 676 4496 739 10863 11173
4017 3871 4543 5424 8004 11174 5790
4022 3926 4374 4577 11179 10019 9080
4025 545 4971 4261 11184 11185 8994
4026 3647 4408 5228 10245 11186 10380
4027 535 4323 4987 6174 11187 11188
4029 3355 4117 5142 6572 9559 11191
4033 3782 5081 4501 11196 11197 8194
4038 3504 4587 5043 10879 11205 8544
4043 4349 4917 5691 11213 9476 10595
4047 630 4339 4487 9597 10507 11039
4048 3541 4501 5081 11220 11197 11221
4053 3333 5090 4997 11227 11228 11229
4054 3268 3989 5438 7380 11230 11231
4055 3449 5115 3953 11232 11233 11234
4056 3541 5229 4501 10376 11235 11220
4057 3703 4522 4103 11236 9636 11237
4058 3461 4016 5299 11238 11064 11239
4059 3580 4271 4645 11143 10929 11240
4060 559 4163 5463 8561 11241 11242
4065 4105 4911 4817 9152 9676 11249
4066 453 4313 4532 9369 8550 11250
4071 3743 4678 4667 9955 10650 8840
4074 3457 4382 4880 11259 11260 11261
4077 3260 4404 5640 11266 11267 11268
4078 3378 4292 5146 6676 10443 11269
4079 3541 4637 4389 11270 9345 7448
4082 3674 5383 4062 9701 11274 8144
4083 3638 4438 4877 7061 11275 9466
4084 3871 5040 4811 9863 10765 9139
4087 3441 5699 4093 8175 11278 11279
4104 3772 4318 4561 11303 11304 8740
4106 4199 4809 5595 11306 10801 11307
4109 558 5463 4293 11312 11313 9637
4113 3560 4649 4434 11108 11318 8075
4115 3344 5453 4708 7023 11319 11320
4116 4352 5011 5593 11321 11322 9878
4118 3280 5232 3957 11323 11324 8278
4120 3379 3970 5160 9993 11326 8800
4123 4054 5691 4401 7783 10259 8819
4130 3679 5519 5000 11344 10684 11345
4135 4191 5409 4879 11350 11138 9540
4138 852 4015 5370 11355 7370 11356
4139 3362 4786 4669 9793 11152 11357
4141 3634 4433 5640 8792 11359 9280
4143 3913 4227 5253 11360 11361 10618
4145 3551 4353 4900 11364 11365 9834
4149 4013 5581 4742 10666 11371 7953
4150 3410 3899 5390 6418 11372 9197
4151 3573 4529 5014 11373 10599 11374
4157 3272 4464 4877 8847 11380 11381
4158 3237 4271 4992 8045 11142 8605
4160 3830 4214 5446 11384 9796 11385
4161 3281 5314 4722 9264 11386 11387
4163 3471 5286 4351 10032 11389 6523
4167 3577 4780 4624 7750 11397 11398
4168 3927 4867 5525 8886 11399 9268
4171 3670 5280 4093 10154 11403 7620
4172 5641 3275 4867 11404 11405 10486
4173 564 4227 5352 9046 11406 11407
4175 3318 4160 5407 9511 11409 9362
4177 3703 5159 4522 10562 11411 11236
4179 4123 4371 5527 8459 9967 8916
4181 544 4261 5063 8995 11415 11416
4182 3647 5423 4475 11417 11418 7820
4183 3647 4452 5423 10382 11419 11417
4185 452 453 4532 516 11250 11421
4192 3602 4264 4752 10074 11098 11427
4194 3468 5453 4834 11429 7252 6733
4197 4441 5391 4985 11433 11434 10193
4199 3702 4341 5115 11437 11438 11439
4201 613 4341 4925 9582 11443 11444
4202 3780 5217 4117 11445 10150 7830
4203 3543 4337 5282 10752 11446 11447
4204 3762 5159 5106 10122 10561 11448
4205 3649 4253 5369 7627 11449 11450
4208 3831 4214 4631 11454 9120 6599
4213 3844 4690 4609 7678 10003 6121
4216 3213 4077 5176 11462 9486 10240
4218 3477 4307 5125 6630 11463 11464
4219 3775 4247 5394 6317 10374 11465
4221 3387 4389 4644 10334 11466 8170
4224 3468 5662 4708 7995 5793 11469
4225 6 5255 4227 11470 11471 9045
4226 3634 4969 4030 9558 11472 8791
4230 4078 4634 5422 8500 10528 7852
4231 3333 4190 4978 9546 11479 11480
4232 452 4532 4322 11421 8067 9612
4233 3997 4826 4766 10936 11481 10299
4236 600 5564 4219 11485 11486 8969
4238 3587 4311 4174 11487 9029 9537
4241 619 4413 4861 7673 10423 11493
4242 3543 5282 4662 11447 11494 8060
4246 3566 4083 4453 6163 9548 7293
4249 627 4900 4353 11504 11365 6984
4250 3610 5066 4447 8691 11505 11506
4252 3405 5251 4125 11508 9492 7512
4255 3333 4997 4465 11229 11509 9545
4258 3571 4228 4802 10115 8714 8424
4262 679 680 5024 743 10912 11519
4265 3702 5115 4506 11439 11524 7992
4269 3665 4368 4766 11530 11531 11532
4273 3387 4434 4649 6916 11318 9740
4274 3278 5437 5366 9758 11536 9601
4278 3758 4372 5066 10834 11000 9642
4279 3567 4454 4066 11540 9487 11541
4280 3217 5193 5483 11542 11543 11544
4282 3650 4317 4598 11547 9975 11548
4284 3690 5053 5013 11131 11549 11550
4285 616 5209 4370 11551 10991 7268
4286 4105 4817 5574 11249 11552 10813
4292 609 4484 4692 10192 6435 11559
4302 3217 4591 4304 8797 10538 11573
4304 608 609 4692 642 11559 11574
4305 3440 4366 4738 9670 8730 11575
4315 3676 5377 4278 11586 11587 6800
4317 3772 5607 4318 11588 11589 11303
4318 3654 4615 4158 11590 9656 10302
4321 3603 5516 4075 11593 9681 11124
4331 3640 5088 4740 11607 10593 10310
4333 602 5602 4230 11610 11611 9494
4334 610 611 4732 644 11612 11613
4337 3567 4091 4454 6224 9731 11540
4341 3240 5001 4359 11623 10772 5856
4342 3622 5177 4370 11624 11625 10990
4343 3400 5125 4307 11626 11463 11627
4345 3831 4756 5486 8854 11628 11629
4346 3654 5401 3972 10484 8933 11630
4348 454 5221 4313 11632 11633 9368
4354 3641 4208 5112 8911 11639 9768
4356 852 5104 4015 11641 11642 11355
4357 3465 3992 5008 7948 11643 11644
4363 3215 5599 5607 11650 11651 11652
4364 3831 5093 4214 11653 9964 11454
4369 3536 4376 4000 11659 11660 11661
4371 3280 5354 4699 8408 11664 11665
4372 3241 4478 4477 11666 11667 9761
4373 3477 5125 3868 11464 11668 9579
4374 603 4615 5602 10667 11669 11670
4376 3762 4956 4223 11671 6028 10977
4377 3293 5169 5150 11672 11044 11673
4380 3638 4729 5348 10224 11676 8754
4382 3640 4404 5088 8620 11678 11607
4384 3300 4526 5065 11165 10257 11680
4385 3706 5522 4037 11681 9530 11682
4388 3821 5576 4124 11685 11686 10179
4390 3709 4046 4903 8273 6474 10899
4396 3799 5641 4946 11693 11694 11695
4408 3268 4528 4667 11714 7364 10649
4410 3441 4093 5280 11279 11403 11718
4413 666 5229 4210 11721 10375 9773
4415 3449 3953 5177 11234 11724 11725
4416 3975 5348 4729 5810 11676 9974
4418 3549 4394 4783 5817 11726 11727
4420 3560 4096 4487 10227 9744 10506
4421 3218 5404 4103 11729 11730 8454
4422 3618 4051 4425 10775 8548 11731
4423 3649 4160 4791 11732 11733 8039
4425 3782 4400 5081 6804 8763 11196
4426 614 5534 4341 11735 11736 9581
4427 3310 5587 4691 10690 11737 7331
4428 3748 4318 5599 7898 11738 11739
4429 3215 4123 5599 8460 11740 11650
4430 3618 5695 5372 11741 11742 10773
4431 3604 5008 4203 11743 11744 11745
4433 3433 4928 4392 11748 11749 8387
4437 3218 4582 5619 8455 11753 8505
4439 3217 4304 5193 11573 11755 11542
4442 610 4732 4484 11613 7698 10191
4444 3602 4752 4477 11427 10796 11761
4445 4147 5646 5111 11762 11763 9584
4446 3347 5501 4157 11764 11765 9272
4447 3651 5204 4665 8259 11766 11767
4448 3654 3972 4615 11630 11768 11590
4452 3854 4665 5204 10630 11766 11772
4453 3906 4826 5289 8099 11773 7918
4456 458 459 4720 522 11776 11777
4459 3518 5007 5324 8423 11782 11783
4460 3277 4837 4099 11784 9779 11785
4461 457 458 4750 521 11786 11787
4462 3625 5615 4856 11788 11789 11790
4465 3442 3796 4815 9465 11793 9840
4466 4282 4915 5592 11794 9705 9357
4467 3347 4841 4834 9273 9920 6326
4468 3416 5289 4826 9945 11773 10935
4474 3225 4388 4578 7277 10040 11801
4477 621 622 4741 655 10356 10331
4478 631 5329 4339 11804 11805 9596
4479 3649 5407 4160 11075 11409 11732
4482 3961 5640 4404 9281 11267 9535
4486 3478 5193 4304 11813 11755 10440
4491 4497 5078 5521 11032 11818 11819
4492 3218 4363 5404 7054 11820 11729
4493 3659 4364 5171 6336 11821 11822
4495 4225 4567 5606 10832 9173 10288
4499 3277 5171 4364 11826 11821 9375
4504 3321 4711 4703 11061 10124 7674
4506 3805 5221 4860 11835 11836 11837
4507 3415 4561 4338 8741 10697 9103
4508 3456 5287 4652 11838 11839 7921
4512 4371 5130 5660 8541 11141 11843
4514 3618 4425 3913 11731 11846 11847
4515 3622 5209 4626 10992 11848 10887
4517 3536 4067 4376 5797 9392 11659
4519 3747 4917 4349 11850 11213 11851
4520 533 534 4744 567 11852 11853
4522 3213 4646 5103 11856 11857 11858
4523 3237 4377 4590 8606 11171 11859
4524 3664 4876 5065 9325 11860 10256
4527 3377 5533 4374 11861 11862 11863
4528 3288 5112 5152 11864 11865 11866
4533 3232 5093 4084 9965 11869 7320
4538 3520 4278 5377 11022 11587 9496
4539 3693 4646 5187 11875 11876 11877
4541 3604 4203 4545 11745 10655 7473
4542 3327 5011 4352 11879 11321 6560
4543 3216 4874 4820 9867 10280 9991
4546 3518 5324 5286 11783 11882 11883
4551 3233 4030 4969 8816 11472 9397
4556 3428 4062 5383 8507 11274 9470
4558 3484 4124 4943 8305 11895 11896
4560 3788 4829 5325 11899 11900 11901
4566 3679 4736 5519 8708 10488 11344
4573 3281 4722 4895 11387 9692 9949
4575 3272 4877 4438 11381 11275 11915
4579 3693 4382 5494 11921 11922 11923
4584 4056 5484 4368 11929 11930 10058
4586 3947 5483 5193 11933 11543 11934
4594 674 675 4777 738 11945 8675
4595 3755 5135 4781 11946 11947 11948
4599 3701 4358 4623 11952 7236 7349
4603 554 5706 4376 11958 11959 10373
4606 3403 5401 5150 8932 11963 9780
4612 3577 4624 4600 11398 11971 8008
4614 3706 4037 5077 11682 10478 6345
4615 3973 4517 4985 11972 11157 11154
4616 3603 4831 4332 11125 10504 11973
4617 3344 4708 4513 11320 9859 11974
4621 3370 5633 4206 11978 10823 8809
4623 608 4692 4390 11574 11980 10737
4625 3920 4987 4323 11982 11187 7766
4627 3260 5088 4404 11983 11678 11266
4628 3349 4466 4668 6553 11081 8999
4629 3778 4748 5380 11984 7160 11985
4633 3659 5171 4781 11822 8781 11992
4634 3213 5103 4077 11858 11993 11462
4635 3651 4143 5697 11994 9690 11995
4643 3308 4704 4111 7352 12007 10077
4645 4691 5587 5055 11737 12008 12009
4647 3478 4832 5538 10441 12012 5813
4648 679 5024 4665 11519 12013 8349
4652 3687 5258 4985 9078 11155 12016
4658 4094 4840 5451 8351 12024 5815
4659 3395 5504 4815 12025 12026 12027
4663 3660 5448 4421 12033 12034 10870
4665 3691 4953 5473 12037 12038 10850
4672 3414 5275 5173 8993 9166 10563
4673 3392 5000 5371 12044 11129 12045
4677 3492 4475 5319 7956 11006 12051
4680 3275 5525 4867 12056 11399 11405
4681 3513 4809 5650 8923 12057 12058
4683 3680 4741 4178 12060 10355 8057
4686 3349 5511 4622 12065 12066 7260
4687 3641 5174 4277 10340 10946 9679
4688 465 466 5227 529 12067 12068
4690 3848 4374 5533 7138 11862 12070
4691 611 612 4842 645 12071 12072
4700 3680 4156 4741 7726 10332 12060
4702 3331 4329 5237 7596 12085 9575
4705 3649 5369 4144 11450 12089 11074
4711 3473 5486 4756 8479 11628 8023
4712 3730 4171 5510 9924 10748 12094
4713 460 4436 4935 10648 12095 12096
4715 3345 5296 4597 12098 10570 12099
4720 3333 4978 4866 11480 12104 12105
4721 3799 4605 5641 7618 12106 11693
4724 3590 4528 4462 7365 10714 10788
4725 3988 4811 5663 7004 10933 8503
4727 3461 5282 4016 12109 12110 11238
4728 463 464 4851 527 7391 12111
4733 3217 4737 4512 12118 12119 8795
4739 3511 4688 4259 12125 10314 9608
4741 3977 4960 4348 10166 12128 8905
4743 3288 5152 4479 11866 12130 8621
4744 855 4962 4089 12131 12132 7737
4745 3479 4568 5596 12133 12134 9175
4746 463 4851 4453 12111 7294 10883
4750 3906 4917 4786 9557 12136 6373
4752 3849 5065 4876 12137 11860 8728
4753 3702 4925 4341 9667 11443 11437
4755 3651 5024 4143 12139 10911 11994
4756 3510 4191 5363 12140 11027 12141
4757 3590 4144 5682 10789 12142 12143
4759 675 4496 4777 11173 12146 11945
4762 4132 5033 4526 10660 12150 11164
4764 618 619 4861 652 11493 7359
4765 3457 5494 4382 12153 11922 11259
4768 3426 4517 5335 8421 12156 12157
4772 3604 4641 5008 6729 12163 11743
4774 3683 5587 4235 12164 12165 10556
4776 3621 4539 5040 12166 12167 9934
4778 3674 5520 5033 12169 9972 10659
4780 612 613 4925 646 11444 12171
4782 3327 4366 5011 8731 10726 11879
4784 466 4358 5227 8720 12173 12067
4790 3672 4978 4190 10149 11479 12182
4793 455 456 4860 519 12183 12184
4794 3657 4614 4090 12185 9842 7413
4795 3345 4648 4953 12186 12187 12188
4798 3889 4338 5288 12191 11172 8655
4803 3657 4134 4614 7998 10056 12185
4805 3830 4918 4214 12198 9118 11384
4807 3440 4738 4780 11575 12201 8570
4809 3799 5338 4749 12204 12205 8592
4816 3672 4190 4874 12182 10281 6199
4819 3851 4479 5152 8300 12130 8805
4826 3800 4624 4780 10845 11397 12224
4829 3370 4216 5633 11160 12227 11978
4837 3461 4690 4662 10004 6834 12237
4840 3321 5522 4407 9531 12242 6860
4842 3627 5267 4372 12245 12246 12247
4846 3534 4561 4318 10698 11304 7897
4849 677 678 4899 741 7944 11028
4850 3878 5569 5142 9351 12252 8946
4852 3941 4392 4928 7434 11749 12254
4857 3575 4567 4421 9174 10871 12260
4858 3249 4489 5014 12261 12262 7940
4864 3835 5043 4447 8545 12266 12267
4866 3355 5142 5569 11191 12252 7890
4870 3473 4452 5228 7424 10381 10855
4871 4235 5587 5035 12165 10689 12274
4875 3672 4870 4908 7816 12278 10147
4876 3426 5325 4829 12279 11900 7742
4877 3627 5237 4329 7541 12085 12280
4878 560 561 5064 594 9687 10348
4879 533 4744 4545 11853 7474 11083
4880 3850 4734 4622 12281 12282 12283
4882 3378 5146 5414 11269 12284 6821
4884 3368 4807 4779 12286 12287 7016
4885 3610 5307 4728 12288 12289 8689
4890 3573 5014 4489 11374 12262 8146
4891 3682 4997 5090 12295 11228 8116
4893 3835 4447 5326 12267 9622 12297
4894 555 4360 5706 10295 12298 12299
4895 3520 4648 4597 6777 12300 11021
4897 3625 4619 5615 7101 12302 11788
4900 540 5346 4444 12306 12307 10757
4901 545 546 4971 579 11015 11184
4904 3633 5085 5293 7909 12311 10907
4905 459 460 4935 523 12096 12312
4908 623 624 4847 657 11089 10777
4909 3773 5538 4832 10390 12012 10961
4910 3839 4986 4456 9239 12315 7952
4914 3633 5123 4433 10963 12319 6985
4916 3587 4371 5660 9968 11843 12320
4923 3333 4866 5090 12105 12325 11227
4924 3857 5180 5141 12326 12327 10854
4929 668 669 4898 732 10647 6156
4931 3322 4683 5461 12329 9787 12330
4934 3603 4509 5516 8234 12332 11593
4935 3693 5187 4844 11877 12333 12334
4938 3938 4652 5287 8347 11839 12337
4939 3843 4382 5128 12338 12339 8142
4940 3392 5371 4319 12045 8887 9432
4941 3886 5564 4230 12340 10705 12341
4943 3599 5409 4359 11139 12343 10771
4944 627 628 4900 661 9703 11504
4949 3946 5490 4828 12348 12349 12350
4951 4010 4539 5677 9508 11515 7176
4956 3602 4477 4478 11761 11667 12357
4957 3992 5552 4203 8850 10007 12358
4961 458 4720 4750 11777 9914 11786
4962 3660 4600 4624 10142 11971 12361
4964 3573 5363 4529 12363 11026 11373
4972 3603 4332 5297 11973 10951 12370
4973 3857 4649 4339 9741 11107 12371
4979 3602 4478 4702 12357 12377 12378
4980 3843 4880 4382 10875 11260 12338
4981 3224 5535 5672 12379 12380 12381
4982 667 4501 5229 6968 11235 12382
4988 3263 5267 5029 12388 10873 8475
4989 3277 4099 5171 11785 8782 11826
4991 611 4842 4732 12072 12391 11612
4994 3457 5608 5494 10969 10090 12153
4996 3677 5581 4465 12393 12394 12395
4998 3293 4299 5121 12397 6508 10540
5000 3763 4235 5035 7393 12274 12399
5003 3972 5602 4615 12404 11669 11768
5007 4513 5055 5681 11019 12412 12413
5008 3441 5280 5605 11718 12414 12415
5012 3748 5090 4866 9822 12325 7871
5013 851 852 5370 885 11356 12419
5016 3736 4928 5270 12423 12424 12425
5021 3888 5414 5146 12430 12284 8912
5022 3693 5553 4382 12431 12432 11921
5023 3480 4247 5075 9052 9605 12433
5028 3550 5551 3820 12437 12438 10092
5033 3207 5451 4131 5754 12445 8456
5034 3248 5369 4253 12446 11449 12447
5041 3547 4526 5033 9338 12150 10416
5042 3668 4489 5300 9986 12456 12457
5044 3260 4433 5123 12459 12319 12460
5046 3535 4497 5521 6886 11819 9957
5050 666 667 5229 730 12382 11721
5051 3448 5626 4691 9199 6960 12462
5052 3698 4702 4478 12463 12377 12464
5054 3618 3913 4849 11847 10620 12465
5055 3393 4466 5597 11082 10026 12466
5059 4205 5324 5007 9567 11782 10249
5061 3868 5320 4267 12472 10983 9580
5062 3677 4465 4997 12395 11509 12473
5065 3348 4464 5380 12476 12477 12478
5068 3796 5064 4051 12479 9686 12480
5070 3627 4372 5574 12247 12483 12484
5071 3946 4828 5371 12350 8888 11128
5073 3796 4163 5064 9464 10349 12479
5075 3567 4066 5678 11541 8029 12488
5076 3400 4307 5366 11627 9602 12489
5078 3263 4372 5267 11001 12246 12388
5079 3812 5424 4543 10627 11174 10451
5081 3484 4943 5665 11896 12492 12493
5082 3972 4230 5602 7519 11611 12404
5086 4199 5650 4809 9837 12057 11306
5087 3457 4880 4542 11261 5770 10968
5089 543 544 5063 577 11416 12498
5091 4351 5286 5324 11389 11882 12502
5095 4318 5607 5599 11589 11651 11738
5096 4077 5103 4505 11993 10828 9445
5097 3603 5297 4520 12370 12508 8232
5099 4223 5672 5535 12510 12380 10978
5102 3521 5696 4436 12513 12514 9309
5105 3641 5436 4270 9680 8260 8909
5106 3297 4421 5448 12517 12034 8914
5109 3510 5363 4431 12141 12522 6606
5110 3868 4158 5320 12523 10521 12472
5112 3622 4891 5177 6871 12526 11624
5116 3904 5103 4646 10829 11857 10522
5118 3393 5597 4849 12466 12529 12530
5122 3746 5305 5167 12537 12538 12539
5124 3805 4860 5699 11837 12541 8174
5126 3263 4447 5066 9623 11505 10999
5127 3989 4644 5438 8171 12543 11230
5132 3914 5251 5330 12550 12551 12552
5134 3739 4101 5219 9669 11011 5792
5135 459 4935 4720 12312 12554 11776
5136 3213 5187 4646 7188 11876 11856
5138 3748 5599 4123 11739 11740 9821
5139 3348 5449 4464 8527 12556 12476
5142 3505 4188 5661 9512 11057 9606
5143 3788 4446 4829 12558 12559 11899
5146 3703 5404 5643 12562 12563 12564
5147 4209 5366 5437 12565 11536 12566
5156 3510 5409 4191 12576 11350 12140
5158 612 4925 4842 12171 9666 12071
5159 3888 4845 5414 10023 12579 12430
5161 4338 5684 4527 12580 12581 9104
5162 3252 4497 5144 11033 8130 10822
5166 3345 4914 5296 12584 12585 12098
5167 3345 4953 5491 12188 12586 12587
5171 534 535 4987 568 11188 12591
5173 3734 4261 4971 12592 11185 12593
5177 3698 4478 4968 12464 12599 12600
5180 3734 4971 4221 12593 11014 12604
5181 3899 4475 5423 7355 11418 12605
5182 3377 5204 5533 12606 8258 11861
5187 3293 4580 5169 6441 12612 11672
5191 3222 5423 4452 12616 11419 9030
5192 3665 5111 4368 6714 12617 11530
5195 3751 4261 5389 12620 12621 8793
5199 3377 4374 5595 11863 12625 10800
5200 852 853 5104 886 10902 11641
5203 3788 5201 4446 10827 7828 12558
5205 3736 4909 4926 12630 12631 12632
5206 3747 4349 5173 11851 8635 9165
5207 3448 4513 5528 11020 12633 10236
5211 3913 4425 5352 11846 10759 12637
5216 563 564 5352 597 11407 10758
5217 3449 4506 5115 7869 11524 11232
5218 3707 4528 5438 10715 12640 12641
5222 3292 5136 4301 10633 12643 12644
5224 3730 4926 4909 12646 12631 9923
5225 3665 4766 4826 11532 11481 8098
5226 3886 4219 5564 9810 11486 12340
5228 3530 4211 5085 9755 12647 8141
5230 3573 4431 5363 9760 12522 12363
5232 3730 4858 5101 12650 12651 12652
5233 3751 5063 4261 8569 11415 12620
5234 3953 4370 5177 10291 11625 11724
5237 3984 4696 5119 7808 10306 10457
5239 3272 4749 5338 12655 12205 8846
5244 3368 5529 4807 10533 12660 12286
5245 3536 5528 4513 12661 12633 9858
5247 465 5227 4845 12068 12662 8608
5248 3602 4702 4718 12378 12663 10072
5252 3701 5414 4845 5870 12579 12667
5253 3772 4398 5607 12668 12669 11588
5255 3225 5242 5615 12671 12672 12673
5259 3703 4103 5404 11237 11730 12562
5262 3707 4644 4389 12678 11466 9344
5263 3659 4781 5135 11992 11947 9055
5265 3931 5481 5309 10754 9291 12679
5268 457 4750 5256 11787 6992 12682
5269 617 4626 5209 7571 11848 12683
5270 3618 4849 5695 12465 12684 11741
5274 3830 5446 5323 11385 8686 12689
5279 534 4987 4744 12591 12695 11852
5288 3855 4444 5346 6623 12307 12703
5289 605 606 5320 639 10984 10520
5290 3778 5380 4464 11985 12477 7794
5291 4048 5491 5439 12704 12705 9497
5293 3625 4953 4648 12707 12187 7100
5294 3723 4512 4737 12708 12119 12709
5297 3805 4313 5221 12711 11633 11835
5301 3272 4438 5686 11915 12715 12716
5306 3292 4557 5219 9519 5782 10631
5307 3857 4339 5329 12371 11805 12721
5308 3358 5222 4710 9994 12722 9953
5309 3805 5028 4313 5710 10212 12711
5311 3536 4000 5528 11661 10237 12661
5312 4016 5282 4337 12110 11446 6425
5314 454 455 5221 518 12724 11632
5317 3317 5265 5391 12729 10767 12730
5319 3551 5299 4353 12731 11063 11364
5324 3776 5169 4580 12735 12612 6319
5326 3531 5308 4266 12736 8306 9820
5328 3598 5388 4590 9905 12738 8925
5331 3894 4293 5463 10781 11313 12740
5334 3953 4341 5534 12745 11736 10290
5336 3249 5300 4489 9475 12456 12261
5339 3232 4286 5446 10268 7316 9795
5348 616 617 5209 650 12683 11551
5349 3826 4968 5319 12755 9041 11005
5353 4150 4815 5504 9841 12026 9317
5354 3262 4622 4734 10704 12282 10160
5355 3410 4901 5344 9094 12760 10009
5356 3317 4537 5265 11711 12761 12729
5357 4299 5150 5401 12762 11963 10483
5358 4368 5484 4766 11930 12763 11531
5362 4152 5605 5280 6833 12414 10153
5363 3825 5305 4844 12765 12766 12767
5365 3894 5463 4163 12740 11241 9868
5367 3396 5442 4926 12769 12770 12771
5368 3775 4828 5490 12772 12349 12773
5369 3701 5227 4358 12774 12173 11952
5370 3498 4465 5581 8242 12394 10665
5372 3322 5563 4683 7254 12778 12329
5375 3403 4518 5339 8474 7146 7520
5380 3992 4203 5008 12358 11744 11643
5381 4003 4856 5615 10805 11789 12786
5382 3559 5465 4223 11123 12787 6027
5386 456 457 5256 520 12682 12792
5387 540 541 5346 574 12793 12306
5388 6 599 5255 632 10915 11470
5390 3687 4985 5391 12016 11434 9479
5395 3844 5308 4570 6586 12801 7676
5397 3551 4609 5299 6479 12802 12731
5398 455 4860 5221 12184 11836 12724
5401 4208 5152 5112 10866 11865 11639
5402 3854 5204 4809 11772 12804 8922
5403 600 601 5564 634 10706 11485
5404 3807 4777 4496 8453 12146 12805
5405 3621 5700 4539 12806 12807 12166
5409 558 559 5463 592 11242 11312
5410 3668 5300 5631 12457 12811 12812
5411 3734 4221 4993 12604 9114 9058
5413 3580 5399 4582 12815 12816 7014
5414 3783 4209 5437 7817 12566 10094
5417 3454 4520 5297 5836 12508 11119
5420 3924 4335 5578 12818 11917 6243
5425 3820 5255 4219 12821 10914 10093
5426 3278 4348 5293 8906 10908 10786
5427 3677 5634 4742 12822 12823 12824
5429 3241 4968 4478 8523 12599 11666
5430 3208 5510 4948 12825 10747 12826
5433 3575 5322 4560 12829 12830 10170
5434 3242 5040 4539 10766 12167 9507
5436 4210 5141 5180 7611 12327 9774
5438 3892 5696 4936 12834 12835 12836
5439 3400 5366 5121 12489 12837 6378
5441 456 5256 4860 12792 12840 12183
5442 3268 5438 4528 11231 12640 11714
5448 3345 4597 4648 12099 12300 12186
5450 3825 5167 5305 10038 12538 12765
5454 3650 5153 4317 10446 6360 11547
5457 3706 4407 5522 12852 12242 11681
5458 3747 4786 4917 11153 12136 11850
5459 3772 5593 4398 9879 12853 12668
5461 3224 4215 5535 10243 10548 12379
5464 3706 5078 4407 12855 12856 12852
5469 3856 5633 4216 10824 12227 10118
5470 3973 5335 4517 6175 12156 11972
5471 4089 5665 4943 12861 12492 8948
5472 7 5329 631 12862 11804 665
5474 3433 5270 4928 7325 12424 11748
5475 3343 4909 4872 8939 12865 12866
5476 4199 5595 5671 11307 12867 9836
5479 3746 4840 5305 10843 12870 12537
5480 602 603 5602 636 11670 11610
5482 3393 4849 5253 12530 10619 12872
5487 3993 4699 5354 9254 11664 12875
5488 3330 4456 4986 8518 12315 8247
5489 3715 5101 4858 6774 12651 11048
5491 3580 4645 5399 11240 10539 12815
5495 3351 4748 4875 12882 12883 12884
5496 3297 5294 4421 10942 12885 12517
5498 3396 5600 5442 9257 12887 12769
5500 3521 4936 5696 10430 12835 12513
5502 3288 4157 5502 6980 12889 12890
5506 3253 4396 5578 7012 5721 11916
5507 4000 4376 5706 11660 11959 12893
5509 3511 5130 4688 11140 12895 12125
5510 3260 5640 4433 11268 11359 12459
5512 3677 5529 5634 12896 12897 12822
5513 3951 4877 4464 9467 11380 12898
5516 3293 5150 4299 11673 12762 12397
5517 614 615 5534 648 7900 11735
5519 3510 4359 5409 6134 12343 12576
5526 3541 5081 4637 11221 8737 11270
5528 3550 4668 5551 6430 12907 12437
5529 3549 4783 5298 11727 9570 12908
5533 3405 5330 5251 10565 12551 11508
5534 3691 5439 5491 12912 12705 12913
5537 3448 4691 5055 12462 12009 11018
5540 3945 4348 4960 8773 12128 12916
5542 3900 5596 4568 12918 12134 9405
5545 3926 4654 5671 9390 12920 12921
5546 3518 5694 4282 12922 12923 8422
5551 3466 5516 4509 10745 12332 12925
5554 4000 5706 4360 12893 12298 10109
5559 3237 5388 4270 12931 10254 8043
5560 3830 5628 4918 12932 12933 12198
5561 3775 5394 4828 11465 12934 12772
5564 3970 4728 5307 9992 12289 12937
5566 4363 5643 5404 12938 12563 11820
5568 3388 4522 5159 8097 11411 9989
5569 3942 4866 4978 8978 12104 10625
5570 3282 5671 4654 8996 12920 5820
5571 3953 5115 4341 11233 11438 12745
5573 3646 5263 4696 8312 12941 8012
5576 3599 4557 4879 6852 11025 11137
5577 3248 4253 5385 12447 12942 9979
5578 3792 5059 4812 6701 12943 10959
5580 3679 5000 4363 11345 12944 8307
5581 4003 5615 5242 12786 12672 12945
5583 4253 5139 5385 7832 12946 12942
5585 3211 4278 5283 8487 9861 8989
5588 3803 4401 5669 8820 10184 12949
5589 3479 5201 4568 7829 6580 12133
5596 3461 4662 5282 12237 11494 12109
5597 3800 4780 4738 12224 12201 9542
5603 3913 5352 4227 12637 11406 11360
5605 3947 5188 5483 9196 12962 11933
5606 3746 5167 4669 12539 12963 12964
5607 3795 5631 4241 12965 12966 9406
5609 3610 5043 4587 12968 11205 12969
5613 3461 5299 4609 11239 12802 10002
5617 3549 5298 4362 12908 8112 7183
5622 3375 4908 4870 5963 12278 12974
5624 3928 5053 4660 12975 11130 9578
5627 554 555 5706 588 12299 11958
5628 3225 4578 5242 11801 11167 12671
5630 3289 4351 5324 8164 12502 9566
5634 542 543 5592 576 12981 9704
5638 3621 4577 5700 9081 12987 12806
5640 3248 5520 4760 10230 12990 12991
5651 3506 4748 5475 5830 13001 9274
5652 4048 4914 5491 8944 13002 12704
5656 3330 5217 4960 10151 13004 10165
5660 3769 5417 4688 7604 13007 13008
5661 3275 5641 4605 11404 12106 9663
5664 3730 5101 4926 12652 13010 12646
5668 3208 4948 4542 12826 10621 5837
5669 3774 4539 5700 11516 12807 13013
5670 543 5063 5592 12498 8568 12981
5673 3755 5461 4340 13016 9786 8511
5675 3651 4665 5024 11767 12013 12139
5676 3610 4447 5043 11506 12266 12968
5684 3590 5682 4760 12143 13024 6663
5685 3233 5410 4705 7385 13025 8815
5687 3362 4669 5167 11357 12963 8677
5691 3820 4227 5255 13029 11471 12821
5694 3907 4527 5195 10646 9850 9890
5695 3769 4688 5130 13008 12895 6882
5696 3723 4737 5061 12709 13031 7399
5698 3291 4527 5684 9851 12581 8056
5703 3493 4582 5399 13035 12816 10479
5707 3920 4744 4987 7478 12695 11982
5708 3275 4630 5525 9778 13037 12056
5710 3914 5330 4412 12552 8427 7197
5711 3945 5477 5123 13039 13040 10962
5714 3736 4872 4909 13044 12865 12630
5717 3796 4051 5372 12480 10774 13046
5719 3839 4390 4692 5886 11980 6253
5722 3850 4622 5511 12283 12066 13049
5723 3868 5350 4158 13050 10303 12523
5727 3465 5008 4641 11644 12163 8848
5728 3627 4329 5267 12280 10874 12245
5729 3224 5307 4587 13052 13053 10041
5730 3280 4699 5232 11665 13054 11323
5732 4301 4849 5597 13056 12529 13057
5735 3892 4936 5340 12836 13058 9329
5736 3225 5615 4619 12673 12302 9083
5737 3567 5678 4703 12488 13059 10123
5738 3693 4844 5205 12334 13060 13061
5740 3351 5475 4748 13062 13001 12882
5741 3734 5389 4261 5982 12621 12592
5742 3215 5607 4398 11652 12669 7873
5746 3889 5684 4338 7207 12580 12191
5747 3277 5013 5053 9377 11549 13067
5750 3299 5402 4601 13070 13071 10460
5751 3587 5660 4311 12320 8034 11487
5754 3796 5372 4815 13046 13073 11793
5755 3926 5595 4374 13074 12625 11179
5759 3682 4779 4807 13077 12287 13078
5760 3886 4230 5339 12341 7518 7145
5762 3528 5574 4372 10814 12483 11016
5764 3640 5525 4630 10309 13037 8618
5765 3610 4587 5307 12969 13053 12288
5772 4160 5543 4791 10922 9817 11733
5773 3299 4688 5417 10315 13007 13085
5775 3723 5218 4512 6597 11058 12708
5776 3779 5061 4737 12959 13031 13089
5777 851 5370 4392 12419 8388 9296
5778 3466 4509 5543 12925 9818 9814
5779 3517 4722 5314 11156 11386 10954
5783 3820 5253 4227 13093 11361 13029
5784 3951 4464 5449 12898 12556 5784
5787 3691 5491 4953 12913 12586 12037
5792 4577 5164 5700 12940 13098 12987
5794 3914 4438 5251 13099 9493 12550
5797 3825 4844 5187 12767 12333 7769
5806 3946 5519 5490 10685 13107 12348
5808 3932 5228 4408 10856 11186 7147
5811 3937 5296 4914 13108 12585 8377
5812 3779 5483 5188 13109 12962 7542
5814 3322 5461 4781 12330 13111 6873
5820 3878 4732 4842 6691 12391 9350
5821 3926 5671 5595 12921 12867 13074
5822 3892 4720 4935 9330 12554 13120
5823 3390 4975 5205 9935 13121 13122
5825 3300 5513 4446 13124 13125 10088
5826 4072 4377 5367 7195 8111 10906
5827 3928 4837 5053 9328 13126 12975
5828 3850 5511 5150 13049 9781 11043
5837 3807 4496 5705 12805 13131 13132
5839 3480 5075 5387 12433 13134 13135
5840 3441 5605 4574 12415 13136 9784
5845 3393 5551 4668 13141 12907 11080
5846 3803 5402 5539 13142 13143 6603
5849 3527 4368 5646 10059 13146 13147
5855 3292 4301 5597 12644 13057 10025
5856 3531 4570 5308 9162 12801 12736
5857 3351 4875 4946 12884 13155 10576
5861 3660 4624 5448 12361 10844 12033
5868 3742 4718 4702 10580 12663 13159
5870 3390 4844 5305 13160 12766 13161
5872 3317 5391 4441 12730 11433 10851
5873 3778 4875 4748 13162 12883 11984
5878 3914 5686 4438 11135 12715 13099
5880 3454 5281 4852 6932 13168 5834
5881 3698 5344 4901 13169 12760 9042
5882 541 4915 5346 10099 13170 12793
5885 3527 5646 5176 13147 13171 9485
5887 3377 4809 5204 10802 12804 12606
5889 3677 4997 4807 12473 13173 13174
5890 4124 5576 4943 11686 13175 11895
5900 3850 5169 4734 11045 13181 12281
5907 3905 4710 5222 7510 12722 13191
5909 3957 5232 5035 11324 13194 10731
5911 3736 5270 4872 12425 13195 13044
5912 3267 4911 5059 9677 13196 8013
5914 3513 5705 4320 13198 13199 6225
5915 3831 5486 5093 11629 13200 11653
5916 3390 5305 4840 13161 12870 8350
5918 3920 4683 5563 9265 12778 7476
5920 3755 4407 5559 8512 13203 13204
5922 3539 5028 5708 10213 13206 5844
5927 3742 4702 5429 13159 13211 8490
5935 3234 4742 5634 7954 12823 10471
5936 3799 4946 4875 11695 13155 13217
5937 3390 5205 4844 13122 13060 13160
5943 3575 4421 5322 12260 13223 12829
5947 4211 5293 5085 10787 12311 12647
5948 3736 5442 4928 13226 13227 12423
5950 3493 5619 4582 10326 11753 13035
5954 4301 5695 4849 13232 12684 13056
5958 3463 4601 5669 8590 13234 8883
5959 3299 5417 5402 13085 13235 13070
5960 3773 5385 5139 10640 12946 10389
5961 3762 5106 4956 11448 13236 11671
5962 3795 5317 5302 13237 13238 13239
5966 3938 5387 5104 13241 13242 10901
5968 3868 5125 5350 11668 13245 13050
5971 3210 4828 5394 9142 12934 9100
5974 3224 5672 5307 12381 13250 13052
5976 4026 4852 5281 8391 13168 13251
5979 3730 5510 4858 12094 13254 12650
5986 3792 4574 5605 10960 13136 8087
5987 3478 5119 5193 10458 13256 11813
5990 4209 5121 5366 10541 12837 12565
5991 3755 4781 5461 11948 13111 13016
5993 3471 4703 5678 6269 13059 7818
5995 3775 4872 5270 13261 13195 6315
5998 3237 4590 5388 11859 12738 12931
5999 4015 5104 5387 11642 13242 13265
6000 3242 4889 5663 10614 13266 10932
6001 4133 5539 5402 7103 13143 13267
6004 4093 4860 5256 13268 12840 7621
6005 3208 4858 5510 7516 13254 12825
6007 3698 5429 4702 9043 13211 12463
6008 3347 4723 5501 9010 13270 11764
6015 3468 4708 5453 11469 11319 11429
6022 3754 5059 4911 13280 13196 6785
6025 3456 4943 5576 8949 13175 13283
6027 4020 4918 5628 7951 12933 7250
6029 3344 5681 4752 13284 13285 11097
6031 3210 5439 4818 9102 13287 10998
6032 3807 5469 5281 13288 13289 6103
6036 3351 5137 5475 5985 13292 13062
6037 3396 4926 5101 12771 13010 9794
6038 3803 5669 4601 12949 13234 13293
6039 3360 4696 5263 7687 12941 9240
6042 3395 5372 5695 13296 11742 13297
6043 3528 5332 5242 11017 13298 11166
6046 3701 4845 5227 12667 12662 12774
6047 3217 5483 4737 11544 13300 12118
6052 3492 5319 4724 12051 9040 9251
6053 3260 5123 5477 12460 13040 13305
6056 3754 4812 5059 9249 12943 13280
6060 3780 5477 5217 13308 13309 11445
6064 3776 4734 5169 10940 13181 12735
6065 3222 4766 5484 10300 12763 13310
6067 3343 5490 5519 13312 13107 10487
6073 3561 4398 5593 9115 12853 13317
6076 3343 4872 5490 12866 13321 13312
6077 4368 5111 5646 12617 11763 13146
6079 3795 4705 5410 9407 13025 13323
6080 3349 4518 5511 9000 8473 12065
6081 3449 5177 4891 11725 12526 8930
6082 3345 5491 4914 12587 13002 12584
6085 3682 4807 4997 13078 13173 12295
6086 3775 5490 4872 12773 13321 13261
6089 3698 4968 5344 12600 13325 13169
6091 3405 5196 5099 7514 13326 10564
6097 3746 4669 5275 12964 10207 9628
6105 3395 5136 5504 13332 13333 12025
6106 3779 4737 5483 13089 13300 13109
6108 3625 5473 4953 13335 12038 12707
6111 3789 5325 5309 13338 13339 8037
6113 3683 4752 5681 10797 13285 13340
6119 3855 4915 5694 13342 13343 13344
6124 3941 4928 5442 12254 13227 13347
6125 3587 4779 5527 9538 13348 9966
6129 7 5180 5329 8124 13349 12862
6130 3799 4875 5338 13217 13350 12204
6131 3691 4818 5439 10181 13287 12912
6133 3982 5626 4360 6961 10110 9123
6134 3682 5527 4779 8917 13348 13077
6136 3348 5380 4638 12478 7159 9217
6142 3277 5053 4837 13067 13126 11784
6145 3933 4710 5661 9954 9607 11056
6146 3945 5217 5477 13355 13309 13039
6148 3763 5232 4699 13356 13054 9874
6150 3934 5128 5553 10606 13357 13358
6152 3370 5340 4936 9713 13058 11159
6154 4131 5451 4840 12445 12024 10842
6155 3561 5593 5011 13317 11322 10725
6158 3945 4960 5217 12916 13004 13355
6159 4382 5553 5128 12432 13357 12339
6160 3739 5001 5375 5791 13362 13363
6163 3314 4520 5687 9803 6939 13365
6164 3821 5296 5537 10571 13366 13367
6165 3803 4601 5402 13293 13071 13142
6168 3855 5694 5286 13344 13370 10031
6169 3788 5325 5050 11901 13371 10826
6174 3627 5574 4817 12484 11552 6286
6179 4320 5705 4496 13199 13131 10862
6181 3736 4926 5442 12632 12770 13226
6184 3683 5681 5055 13340 12412 13379
6185 3676 4634 5377 8766 8499 11586
6189 3970 5465 5160 13383 11122 11326
6190 4446 5513 4829 13125 13384 12559
6191 3248 4760 5682 12991 13024 13385
6197 3963 5708 5028 9717 13206 5746
6198 3393 5253 5551 12872 13390 13141
6200 4015 5387 5075 13265 13134 8035
6205 3395 4815 5372 12027 13073 13296
6206 4089 4962 5665 12132 13393 12861
6207 3778 5338 4875 7796 13350 13162
6209 4436 5696 4935 12514 13395 12095
6211 4147 5176 5646 10241 13171 11762
6212 3300 5065 5513 11680 13396 13124
6214 3795 5410 5317 13323 13397 13237
6215 3934 5205 4975 13398 13121 13399
6216 3690 5013 5326 11550 13400 10494
6219 4067 5662 4437 5794 9886 9931
6220 3780 5088 5477 10594 13404 13308
6221 3900 5099 5196 6564 13326 13405
6224 3677 4807 5529 13174 12660 12896
6226 3392 5643 5000 13406 13407 12044
6227 3395 5695 5136 13297 13408 13332
6229 3870 5475 5137 9275 13292 10836
6230 4301 5136 5695 12643 13408 13232
6233 3674 4760 5520 8145 12990 12169
6234 3668 5302 5323 13411 13412 8685
6236 3400 5350 5125 8538 13245 11626
6238 3884 5501 4723 13413 13270 9360
6240 3693 5494 4646 11923 10523 11875
6241 3693 5205 5553 13061 13415 12431
6247 3789 5050 5325 8856 13371 13338
6249 3406 4876 5218 9791 11059 8823
6250 3707 5438 4644 12641 12543 12678
6251 3807 5705 5469 13132 13420 13288
6254 3341 5302 5317 13422 13238 10187
6258 3426 5335 5309 12157 13424 13425
6260 3392 5106 5643 13426 13427 13406
6266 3240 5375 5001 8762 13362 11623
6268 3739 5375 5354 13363 13429 9668
6272 3272 5686 4749 12716 11134 12655
6275 3820 5551 5253 12438 13390 13093
6276 3947 5193 5119 11934 13256 10305
6277 3668 5631 5302 12812 13436 13411
6279 3849 4829 5513 7743 13384 13437
6281 3937 5287 5537 13439 13440 13441
6284 3426 5309 5325 13425 13339 12279
6286 3934 4975 5314 13399 10955 9263
6287 3755 5559 5135 13204 13446 11946
6290 3677 4742 5581 12824 11371 12393
6296 3392 4956 5106 9433 13236 13426
6298 3849 5513 5065 13437 13396 12137
6300 3763 5035 5232 12399 13194 13356
6301 4133 5402 5417 13267 13235 8904
6303 4084 5093 5486 11869 13200 7651
6304 3984 5663 4889 8504 13266 7806
6306 3900 5196 5596 13405 13452 12918
6307 4026 5281 5469 13251 13289 13453
6309 3937 5537 5296 13441 13366 13108
6310 3830 5323 5628 12689 13455 12932
6315 3970 5307 5672 12937 13250 13460
6316 4050 4946 5641 10577 11694 10485
6319 3344 4513 5681 11974 12413 13284
6320 3341 5628 5323 6503 13455 13462
6324 3706 5521 5078 7367 11818 12855
6325 4363 5000 5643 12944 13407 12938
6327 3855 5346 4915 12703 13170 13342
6333 4421 5294 5322 12885 13465 13223
6340 3899 5423 5685 12605 13469 13470
6343 3941 5442 5600 13347 12887 13472
6346 3375 4870 5481 12974 9292 10554
6348 3288 5502 5112 12890 13475 11864
6351 3931 5309 5335 12679 13424 5860
6353 3222 5685 5423 13479 13469 12616
6354 3314 5687 5074 13365 13480 7580
6359 4003 5242 5332 12945 13298 6994
6361 4282 5694 4915 12923 13343 11794
6363 3835 5326 5013 12297 13400 10953
6370 3703 5643 5106 12564 13427 10560
6371 3625 4856 5473 11790 9641 13335
6372 3899 5685 5390 13470 13487 11372
6375 3812 5074 5687 10452 13480 10905
6376 4407 5078 5559 12856 13489 13203
6377 3826 5344 4968 10010 13325 12755
6383 3962 5634 5529 10472 12897 10532
6385 3938 5565 5387 13493 13494 13241
6388 3937 5565 5287 10203 13495 13439
6390 3904 5608 5222 10091 13497 9434
6395 3480 5387 5565 13135 13494 10202
6396 3821 5537 5576 13367 13501 11685
6397 3905 5222 5608 13191 13497 10296
6400 3456 5537 5287 13504 13440 11838
6402 3857 5329 5180 12721 13349 12326
6406 3938 5287 5565 12337 13495 13493
6407 3867 5596 5196 9176 13452 7701
6411 3884 5502 5501 13507 13508 13413
6414 3941 5600 5403 13472 13509 10107
6415 4157 5501 5502 11765 13508 12889
6417 4009 5317 5410 10413 13397 8834
6420 3884 5112 5502 9769 13475 13507
6425 3341 5323 5302 13462 13412 13422
6427 4144 5369 5682 12089 13512 12142
6428 3222 5484 5685 13310 13513 13479
6429 3260 5477 5088 13305 13404 11983
6435 4101 5504 5136 8263 13333 11010
6441 4250 5403 5600 12622 13509 10338
6442 4241 5631 5300 12966 12811 10878
6446 3970 5672 5465 13460 13521 13383
6447 3252 5135 5559 9144 13446 13522
6452 4093 5699 4860 11278 12541 13268
6454 3795 5302 5631 13239 13436 12965
6456 3513 5650 5469 12058 13525 13526
6458 3993 5354 5375 12875 13429 9191
6459 3518 5286 5694 11883 13370 12922
6461 3683 5055 5587 13379 12008 12164
6464 3892 4935 5696 13120 13395 12834
6465 3934 5553 5205 13358 13415 13398
6476 4056 5390 5685 9621 13487 13530
6477 4223 5465 5672 12787 13521 12510
6478 3513 5469 5705 13526 13420 13198
6480 3252 5559 5078 13522 13489 11031
6483 3248 5682 5369 13385 13512 12446
6486 3456 5576 5537 13283 13501 13504
6487 4026 5469 5650 13453 13525 7791
6488 4056 5685 5484 13530 13513 11929
7754 853 14372 854 18422 18423 887
7912 851 14575 852 17813 18709 885
8828 853 14992 14372 20246 20247 18422
9514 852 14575 14992 18709 21122 21123
9823 852 14992 853 21123 20246 886
